# Formula: Ag55Au92                            Feff8L (EXAFS)       0.1      
# SpaceGroup: P1
# POT  Non-SCF, core-hole, AFOLP (folp(0)= 1.150)
# Abs   Z=47 Rmt= 1.558 Rnm= 1.611 K  shell
# Pot 1 Z=79 Rmt= 1.593 Rnm= 1.655
# Pot 2 Z=47 Rmt= 1.519 Rnm= 1.565
# Gam_ch=8.302E+00 H-L exch
# Mu=-1.286E+00 kf=1.700E+00 Vint=-1.230E+01 Rs_int= 2.133
# PATH  Rmax= 8.000,  Keep_limit= 0.00, Heap_limit 0.00  Pwcrit= 2.50%
#  S02=1.000                                        Global_sig2= 0.00000
#  Curved wave amplitude ratio filter   4.000%
#     file         sig2 tot  cw amp ratio   deg  nlegs   reff  inp sig2
#           1       0.00000    100.00      1.00     2   2.7563
#           2       0.00000     97.07      1.00     2   2.7879
#           3       0.00000     96.85      1.00     2   2.7904
#           4       0.00000     95.71      1.00     2   2.8029
#           5       0.00000     95.39      1.00     2   2.8065
#           6       0.00000     93.95      1.00     2   2.8227
#           7       0.00000     89.95      1.00     2   2.8692
#           8       0.00000     88.72      1.00     2   2.8839
#           9       0.00000     85.50      1.00     2   2.9236
#          10       0.00000     82.25      1.00     2   2.9654
#          11       0.00000     81.30      1.00     2   2.9779
#          12       0.00000     80.52      1.00     2   2.9884
#          13       0.00000     33.14      1.00     2   4.0270
#          14       0.00000      4.39      2.00     3   4.1638
#          15       0.00000     29.80      1.00     2   4.1658
#          16       0.00000     29.78      1.00     2   4.1668
#          17       0.00000      4.82      2.00     3   4.1748
#          18       0.00000      4.09      2.00     3   4.1953
#          19       0.00000      4.29      2.00     3   4.1959
#          21       0.00000     28.73      1.00     2   4.2143
#          25       0.00000     27.58      1.00     2   4.2693
#          34       0.00000      4.14      2.00     3   4.3408
#          37       0.00000     25.76      1.00     2   4.3625
#          42       0.00000     18.58      1.00     2   4.8298
#          43       0.00000     18.26      1.00     2   4.8557
#          44       0.00000     17.80      1.00     2   4.8934
#          45       0.00000     17.70      1.00     2   4.9023
#          46       0.00000     17.64      1.00     2   4.9070
#          47       0.00000     17.40      1.00     2   4.9275
#          48       0.00000     17.30      1.00     2   4.9367
#          49       0.00000     17.16      1.00     2   4.9492
#          50       0.00000     16.98      1.00     2   4.9650
#          51       0.00000     16.74      1.00     2   4.9865
#          52       0.00000     16.42      1.00     2   5.0159
#          53       0.00000     16.19      1.00     2   5.0376
#          54       0.00000     16.14      1.00     2   5.0419
#          55       0.00000     16.05      1.00     2   5.0510
#          56       0.00000     16.00      1.00     2   5.0551
#          57       0.00000     15.72      1.00     2   5.0825
#          58       0.00000     15.60      1.00     2   5.0947
#          59       0.00000     15.49      1.00     2   5.1054
#          60       0.00000     15.40      1.00     2   5.1142
#          61       0.00000     15.09      1.00     2   5.1460
#          62       0.00000     14.92      1.00     2   5.1634
#          63       0.00000     14.74      1.00     2   5.1833
#          64       0.00000     14.53      1.00     2   5.2057
#          65       0.00000     14.51      1.00     2   5.2074
#          66       0.00000     12.82      1.00     2   5.4052
#          67       0.00000     48.90      2.00     3   5.4075
#          68       0.00000     49.52      1.00     4   5.4098
#          70       0.00000     12.05      1.00     2   5.5051
#          71       0.00000     44.74      2.00     3   5.5086
#          72       0.00000     44.08      1.00     4   5.5121
#          74       0.00000     10.40      2.00     3   5.5440
#          75       0.00000     17.65      2.00     4   5.5443
#          78       0.00000     11.42      1.00     2   5.5939
#          79       0.00000     45.65      2.00     3   5.5943
#          80       0.00000     48.78      1.00     4   5.5947
#          83       0.00000     11.17      1.00     2   5.6307
#          84       0.00000     45.26      2.00     3   5.6310
#          85       0.00000     49.08      1.00     4   5.6312
#          87       0.00000     11.00      1.00     2   5.6564
#          88       0.00000     10.99      1.00     2   5.6572
#          89       0.00000     44.48      2.00     3   5.6576
#          90       0.00000     48.08      1.00     4   5.6580
#          91       0.00000     41.06      2.00     3   5.6598
#          92       0.00000     40.59      1.00     4   5.6633
#          93       0.00000      9.26      2.00     3   5.6730
#          94       0.00000     15.00      2.00     4   5.6757
#          95       0.00000     10.71      1.00     2   5.7006
#          96       0.00000     36.91      2.00     3   5.7070
#          97       0.00000      9.02      2.00     3   5.7130
#          98       0.00000     15.02      2.00     4   5.7140
#          99       0.00000     33.31      1.00     4   5.7135
#         100       0.00000     10.50      1.00     2   5.7344
#         101       0.00000     41.91      2.00     3   5.7345
#         102       0.00000     44.72      1.00     4   5.7346
#         103       0.00000     10.46      1.00     2   5.7410
#         104       0.00000     41.39      2.00     3   5.7415
#         105       0.00000     43.78      1.00     4   5.7419
#         106       0.00000      8.57      2.00     3   5.7805
#         107       0.00000     14.42      2.00     4   5.7808
#         108       0.00000      8.49      2.00     3   5.7870
#         109       0.00000     14.06      2.00     4   5.7882
#         110       0.00000     10.07      1.00     2   5.8054
#         111       0.00000     35.28      2.00     3   5.8116
#         112       0.00000     32.16      1.00     4   5.8177
#         113       0.00000      9.90      1.00     2   5.8333
#         114       0.00000     31.94      2.00     3   5.8422
#         115       0.00000     26.63      1.00     4   5.8512
#         116       0.00000      9.74      1.00     2   5.8612
#         117       0.00000     38.58      2.00     3   5.8617
#         118       0.00000     40.71      1.00     4   5.8623
#         119       0.00000      7.82      2.00     3   5.8659
#         120       0.00000     11.84      2.00     4   5.8722
#         121       0.00000      6.63      1.00     2   6.3965
#         122       0.00000      6.56      1.00     2   6.4147
#         123       0.00000      6.37      1.00     2   6.4706
#         124       0.00000      6.31      1.00     2   6.4884
#         125       0.00000      6.25      1.00     2   6.5066
#         126       0.00000      6.23      1.00     2   6.5129
#         127       0.00000      6.21      1.00     2   6.5187
#         128       0.00000      6.16      1.00     2   6.5333
#         129       0.00000      6.12      1.00     2   6.5466
#         130       0.00000      6.07      1.00     2   6.5618
#         131       0.00000      6.01      1.00     2   6.5810
#         132       0.00000      5.89      1.00     2   6.6198
#         133       0.00000      5.84      1.00     2   6.6360
#         134       0.00000      5.83      1.00     2   6.6407
#         135       0.00000      5.77      1.00     2   6.6621
#         136       0.00000      5.73      1.00     2   6.6753
#         137       0.00000      5.73      1.00     2   6.6756
#         138       0.00000      5.70      1.00     2   6.6832
#         139       0.00000      5.64      1.00     2   6.7046
#         140       0.00000      5.60      1.00     2   6.7195
#         141       0.00000      5.53      1.00     2   6.7445
#         142       0.00000      5.51      1.00     2   6.7514
#         143       0.00000      5.19      1.00     2   6.8697
#         144       0.00000      5.12      1.00     2   6.8951
#         145       0.00000      4.34      1.00     2   7.2340
#         146       0.00000      4.25      1.00     2   7.2753
#         147       0.00000      4.13      1.00     2   7.3340
#         148       0.00000      4.05      1.00     2   7.3757
#         149       0.00000      4.04      1.00     2   7.3809
#         166       0.00000      7.47      2.00     2   7.5500
#         176       0.00000      7.16      2.00     2   7.6416
#   126/ 193 paths used
#  -----------------------------------------------------------------------
#       k          chi          mag           phase @#
     0.0000   -1.091864E-01  1.581805E-01 -7.618549E-01
     0.0500   -1.085114E-01  1.581924E-01 -7.559028E-01
     0.1000   -1.078316E-01  1.582033E-01 -7.499490E-01
     0.1500   -1.057621E-01  1.582260E-01 -7.320883E-01
     0.2000   -1.036505E-01  1.582392E-01 -7.142144E-01
     0.2500   -1.000357E-01  1.582242E-01 -6.844412E-01
     0.3000   -9.631324E-02  1.581824E-01 -6.546410E-01
     0.3500   -9.092371E-02  1.580449E-01 -6.129747E-01
     0.4000   -8.535400E-02  1.578545E-01 -5.712845E-01
     0.4500   -7.794534E-02  1.574745E-01 -5.178018E-01
     0.5000   -7.031375E-02  1.570079E-01 -4.643433E-01
     0.5500   -6.073449E-02  1.562352E-01 -3.992610E-01
     0.6000   -5.097264E-02  1.553380E-01 -3.343340E-01
     0.6500   -3.930779E-02  1.540031E-01 -2.580961E-01
     0.7000   -2.764472E-02  1.525087E-01 -1.822741E-01
     0.7500   -1.436649E-02  1.504391E-01 -9.564286E-02
     0.8000   -1.464415E-03  1.481905E-01 -9.882141E-03
     0.8500    1.254293E-02  1.452953E-01  8.643477E-02
     0.9000    2.562671E-02  1.422358E-01  1.811598E-01
     0.9500    3.881854E-02  1.383914E-01  2.843131E-01
     1.0000    5.046571E-02  1.344552E-01  3.847577E-01
     1.0500    6.141842E-02  1.297850E-01  4.929561E-01
     1.1000    7.033029E-02  1.251879E-01  5.965576E-01
     1.1500    7.787355E-02  1.199836E-01  7.063154E-01
     1.2000    8.334568E-02  1.150903E-01  8.098393E-01
     1.2500    8.727820E-02  1.098966E-01  9.176653E-01
     1.3000    8.970812E-02  1.053498E-01  1.018890E+00
     1.3500    9.103725E-02  1.009484E-01  1.123963E+00
     1.4000    9.164932E-02  9.745732E-02  1.223818E+00
     1.4500    9.188326E-02  9.458598E-02  1.331166E+00
     1.5000    9.196319E-02  9.277888E-02  1.438096E+00
     1.5500    9.174988E-02  9.175455E-02  1.560714E+00
     1.6000    9.097364E-02  9.162027E-02  1.689675E+00
     1.6500    8.867203E-02  9.207803E-02  1.843636E+00
     1.7000    8.419153E-02  9.295190E-02  2.008438E+00
     1.7500    7.580303E-02  9.406549E-02  2.204477E+00
     1.8000    6.337402E-02  9.505495E-02  2.411808E+00
     1.8500    4.498450E-02  9.601819E-02  2.654001E+00
     1.9000    2.258883E-02  9.646018E-02  2.905220E+00
     1.9500   -5.729878E-03  9.678546E-02  3.200829E+00
     2.0000   -3.398910E-02  9.638330E-02  3.501989E+00
     2.0500   -5.966516E-02  9.379393E-02  3.831065E+00
     2.1000   -7.667110E-02  9.020175E-02  4.157570E+00
     2.1500   -8.351836E-02  8.582294E-02  4.480123E+00
     2.2000   -8.058900E-02  8.088300E-02  4.797677E+00
     2.2500   -7.432162E-02  7.988628E-02  5.087839E+00
     2.3000   -6.213951E-02  7.880490E-02  5.374781E+00
     2.3500   -4.542587E-02  7.768612E-02  5.658631E+00
     2.4000   -2.579262E-02  7.657117E-02  5.939621E+00
     2.4500   -5.749307E-03  7.779721E-02  6.209217E+00
     2.5000    1.517724E-02  7.895848E-02  6.476607E+00
     2.5500    3.547283E-02  8.007176E-02  6.742142E+00
     2.6000    5.368868E-02  8.114698E-02  7.006166E+00
     2.6500    6.849922E-02  8.251544E-02  7.262541E+00
     2.7000    7.906827E-02  8.375952E-02  7.517710E+00
     2.7500    8.457960E-02  8.486607E-02  7.771793E+00
     2.8000    8.456920E-02  8.581808E-02  8.024792E+00
     2.8500    7.918433E-02  8.669330E-02  8.273256E+00
     2.9000    6.861454E-02  8.732623E-02  8.520908E+00
     2.9500    5.359038E-02  8.768541E-02  8.767244E+00
     3.0000    3.523670E-02  8.775429E-02  9.011582E+00
     3.0500    1.430330E-02  8.709901E-02  9.259812E+00
     3.1000   -6.927732E-03  8.609895E-02  9.505327E+00
     3.1500   -2.683118E-02  8.477555E-02  9.746812E+00
     3.2000   -4.405109E-02  8.318888E-02  9.982826E+00
     3.2500   -5.757059E-02  8.063591E-02  1.021991E+01
     3.3000   -6.658241E-02  7.797242E-02  1.044826E+01
     3.3500   -7.133254E-02  7.538718E-02  1.066611E+01
     3.4000   -7.256282E-02  7.311700E-02  1.087238E+01
     3.4500   -7.048956E-02  7.069351E-02  1.107155E+01
     3.5000   -6.675836E-02  6.914561E-02  1.125911E+01
     3.5500   -6.208796E-02  6.873487E-02  1.143898E+01
     3.6000   -5.659794E-02  6.962296E-02  1.161722E+01
     3.6500   -4.924549E-02  7.119457E-02  1.180253E+01
     3.7000   -3.975055E-02  7.398720E-02  1.199918E+01
     3.7500   -2.705216E-02  7.772120E-02  1.221086E+01
     3.8000   -1.045940E-02  8.207042E-02  1.243858E+01
     3.8500    1.010969E-02  8.637091E-02  1.268369E+01
     3.9000    3.327994E-02  9.061057E-02  1.294246E+01
     3.9500    5.692556E-02  9.454547E-02  1.321250E+01
     4.0000    7.826397E-02  9.798960E-02  1.349150E+01
     4.0500    9.378833E-02  1.001307E-01  1.377934E+01
     4.1000    1.012710E-01  1.014859E-01  1.407208E+01
     4.1500    9.931644E-02  1.020273E-01  1.436820E+01
     4.2000    8.783783E-02  1.017604E-01  1.466642E+01
     4.2500    6.766505E-02  1.001862E-01  1.496647E+01
     4.3000    4.184694E-02  9.789094E-02  1.526625E+01
     4.3500    1.353214E-02  9.495902E-02  1.556497E+01
     4.4000   -1.402592E-02  9.148363E-02  1.586189E+01
     4.4500   -3.782020E-02  8.717624E-02  1.615671E+01
     4.5000   -5.567950E-02  8.255474E-02  1.644819E+01
     4.5500   -6.653954E-02  7.772113E-02  1.673570E+01
     4.6000   -7.032292E-02  7.277183E-02  1.701860E+01
     4.6500   -6.764432E-02  6.765602E-02  1.729736E+01
     4.7000   -5.997957E-02  6.261614E-02  1.756998E+01
     4.7500   -4.900608E-02  5.772967E-02  1.783568E+01
     4.8000   -3.640359E-02  5.306828E-02  1.809361E+01
     4.8500   -2.342690E-02  4.867253E-02  1.834740E+01
     4.9000   -1.137097E-02  4.464110E-02  1.859200E+01
     4.9500   -9.202609E-04  4.102628E-02  1.882712E+01
     5.0000    7.654234E-03  3.787004E-02  1.905308E+01
     5.0500    1.469732E-02  3.538951E-02  1.927783E+01
     5.1000    2.015873E-02  3.340365E-02  1.949743E+01
     5.1500    2.428041E-02  3.188477E-02  1.971519E+01
     5.2000    2.721931E-02  3.077662E-02  1.993480E+01
     5.2500    2.936967E-02  3.030737E-02  2.017095E+01
     5.3000    3.006261E-02  3.006286E-02  2.041623E+01
     5.3500    2.900065E-02  2.994191E-02  2.067176E+01
     5.4000    2.594872E-02  2.985484E-02  2.093764E+01
     5.4500    2.079819E-02  3.009924E-02  2.122829E+01
     5.5000    1.350693E-02  3.021160E-02  2.152765E+01
     5.5500    4.718056E-03  3.015788E-02  2.183406E+01
     5.6000   -4.615663E-03  2.991985E-02  2.214603E+01
     5.6500   -1.387060E-02  2.992130E-02  2.247317E+01
     5.7000   -2.155167E-02  2.970843E-02  2.280282E+01
     5.7500   -2.664731E-02  2.929200E-02  2.313374E+01
     5.8000   -2.855421E-02  2.868932E-02  2.346486E+01
     5.8500   -2.748031E-02  2.825191E-02  2.379620E+01
     5.9000   -2.337658E-02  2.763954E-02  2.412474E+01
     5.9500   -1.697522E-02  2.688577E-02  2.444941E+01
     6.0000   -9.254341E-03  2.602784E-02  2.476923E+01
     6.0500   -1.503799E-03  2.541890E-02  2.507355E+01
     6.1000    5.836335E-03  2.473209E-02  2.537097E+01
     6.1500    1.209812E-02  2.401427E-02  2.566072E+01
     6.2000    1.688025E-02  2.331404E-02  2.594238E+01
     6.2500    2.003693E-02  2.267883E-02  2.621604E+01
     6.3000    2.161240E-02  2.215176E-02  2.648242E+01
     6.3500    2.175116E-02  2.176802E-02  2.674290E+01
     6.4000    2.061482E-02  2.155175E-02  2.699948E+01
     6.4500    1.832926E-02  2.151373E-02  2.725458E+01
     6.5000    1.497319E-02  2.165075E-02  2.751066E+01
     6.5500    1.094463E-02  2.194350E-02  2.775216E+01
     6.6000    6.142345E-03  2.239983E-02  2.799656E+01
     6.6500    6.549142E-04  2.300523E-02  2.824586E+01
     6.7000   -5.347751E-03  2.373256E-02  2.850162E+01
     6.7500   -1.156101E-02  2.454389E-02  2.876480E+01
     6.8000   -1.751968E-02  2.539352E-02  2.903572E+01
     6.8500   -2.262002E-02  2.623177E-02  2.931416E+01
     6.9000   -2.619754E-02  2.700888E-02  2.959940E+01
     6.9500   -2.765022E-02  2.767862E-02  2.989043E+01
     7.0000   -2.657844E-02  2.820128E-02  3.018603E+01
     7.0500   -2.311860E-02  2.855422E-02  3.047239E+01
     7.1000   -1.749576E-02  2.872353E-02  3.076099E+01
     7.1500   -1.025442E-02  2.869568E-02  3.105050E+01
     7.2000   -2.171443E-03  2.846807E-02  3.133958E+01
     7.2500    5.874002E-03  2.804851E-02  3.162691E+01
     7.3000    1.304860E-02  2.745405E-02  3.191122E+01
     7.3500    1.869517E-02  2.670948E-02  3.219125E+01
     7.4000    2.241735E-02  2.584587E-02  3.246577E+01
     7.4500    2.410598E-02  2.489939E-02  3.273360E+01
     7.5000    2.391006E-02  2.391062E-02  3.299358E+01
     7.5500    2.211446E-02  2.283766E-02  3.323905E+01
     7.6000    1.927014E-02  2.181944E-02  3.347495E+01
     7.6500    1.579939E-02  2.090729E-02  3.370082E+01
     7.7000    1.204441E-02  2.015523E-02  3.391704E+01
     7.7500    8.215141E-03  1.961441E-02  3.412536E+01
     7.8000    4.374921E-03  1.932346E-02  3.432913E+01
     7.8500    4.721778E-04  1.929702E-02  3.453305E+01
     7.9000   -3.584257E-03  1.951702E-02  3.474222E+01
     7.9500   -7.824683E-03  1.993130E-02  3.496096E+01
     8.0000   -1.212625E-02  2.046053E-02  3.519188E+01
     8.0500   -1.605731E-02  2.091524E-02  3.543281E+01
     8.1000   -1.923599E-02  2.128994E-02  3.568544E+01
     8.1500   -2.114810E-02  2.149904E-02  3.594739E+01
     8.2000   -2.139541E-02  2.147671E-02  3.621536E+01
     8.2500   -1.984750E-02  2.118378E-02  3.648540E+01
     8.3000   -1.672116E-02  2.061323E-02  3.675293E+01
     8.3500   -1.254504E-02  1.979533E-02  3.701274E+01
     8.4000   -8.010409E-03  1.880237E-02  3.725901E+01
     8.4500   -3.756173E-03  1.775180E-02  3.748591E+01
     8.5000   -1.684255E-04  1.680355E-02  3.768909E+01
     8.5500    2.699112E-03  1.610440E-02  3.786751E+01
     8.6000    5.166909E-03  1.586846E-02  3.803077E+01
     8.6500    7.684973E-03  1.616831E-02  3.819443E+01
     8.7000    1.060001E-02  1.695462E-02  3.837450E+01
     8.7500    1.395031E-02  1.808170E-02  3.858033E+01
     8.8000    1.738297E-02  1.936736E-02  3.881327E+01
     8.8500    2.022966E-02  2.064219E-02  3.906965E+01
     8.9000    2.171310E-02  2.177294E-02  3.934406E+01
     8.9500    2.120478E-02  2.266796E-02  3.963117E+01
     9.0000    1.843721E-02  2.327480E-02  3.992638E+01
     9.0500    1.355978E-02  2.354168E-02  4.022689E+01
     9.1000    7.218559E-03  2.350652E-02  4.052857E+01
     9.1500    2.659267E-04  2.320258E-02  4.082924E+01
     9.2000   -6.413710E-03  2.267473E-02  4.112748E+01
     9.2500   -1.207456E-02  2.197005E-02  4.142258E+01
     9.3000   -1.620133E-02  2.112889E-02  4.171452E+01
     9.3500   -1.852367E-02  2.017788E-02  4.200376E+01
     9.4000   -1.898749E-02  1.912637E-02  4.229092E+01
     9.4500   -1.772391E-02  1.796755E-02  4.257637E+01
     9.5000   -1.503645E-02  1.668407E-02  4.285966E+01
     9.5500   -1.138852E-02  1.524415E-02  4.313865E+01
     9.6000   -7.405750E-03  1.365852E-02  4.340924E+01
     9.6500   -3.745162E-03  1.194268E-02  4.366332E+01
     9.7000   -9.730875E-04  1.015517E-02  4.388633E+01
     9.7500    5.977430E-04  8.428294E-03  4.405328E+01
     9.8000    1.027101E-03  7.019339E-03  4.412915E+01
     9.8500    7.570596E-04  6.330756E-03  4.410217E+01
     9.9000    4.838237E-04  6.669547E-03  4.405490E+01
     9.9500    9.202198E-04  7.869538E-03  4.409950E+01
    10.0000    2.529815E-03  9.498025E-03  4.425190E+01
    10.0500    5.328673E-03  1.118810E-02  4.447872E+01
    10.1000    8.848755E-03  1.274786E-02  4.474952E+01
    10.1500    1.228075E-02  1.405253E-02  4.504550E+01
    10.2000    1.473673E-02  1.503047E-02  4.535507E+01
    10.2500    1.554096E-02  1.564881E-02  4.567056E+01
    10.3000    1.443648E-02  1.590676E-02  4.598643E+01
    10.3500    1.163562E-02  1.583139E-02  4.629826E+01
    10.4000    7.709271E-03  1.547331E-02  4.660233E+01
    10.4500    3.374070E-03  1.490127E-02  4.689548E+01
    10.5000   -7.290142E-04  1.419473E-02  4.717527E+01
    10.5500   -4.180888E-03  1.343428E-02  4.744036E+01
    10.6000   -6.816091E-03  1.269020E-02  4.769090E+01
    10.6500   -8.656923E-03  1.201138E-02  4.792874E+01
    10.7000   -9.806432E-03  1.141825E-02  4.815689E+01
    10.7500   -1.036306E-02  1.090404E-02  4.837837E+01
    10.8000   -1.039343E-02  1.044551E-02  4.859479E+01
    10.8500   -9.958471E-03  1.001988E-02  4.880546E+01
    10.9000   -9.155199E-03  9.622135E-03  4.900750E+01
    10.9500   -8.130134E-03  9.276777E-03  4.919715E+01
    11.0000   -7.041912E-03  9.039475E-03  4.937238E+01
    11.0500   -5.976686E-03  8.996989E-03  4.953893E+01
    11.1000   -4.890326E-03  9.187289E-03  4.970418E+01
    11.1500   -3.615303E-03  9.626180E-03  4.988047E+01
    11.2000   -1.912741E-03  1.027603E-02  5.007825E+01
    11.2500    4.065155E-04  1.105690E-02  5.030226E+01
    11.3000    3.350846E-03  1.187028E-02  5.055166E+01
    11.3500    6.670480E-03  1.261969E-02  5.082241E+01
    11.4000    9.879741E-03  1.322308E-02  5.110926E+01
    11.4500    1.238266E-02  1.361874E-02  5.140693E+01
    11.5000    1.365881E-02  1.376772E-02  5.171042E+01
    11.5500    1.343710E-02  1.365454E-02  5.201498E+01
    11.6000    1.178768E-02  1.328700E-02  5.231592E+01
    11.6500    9.095901E-03  1.269542E-02  5.260834E+01
    11.7000    5.930436E-03  1.193162E-02  5.288690E+01
    11.7500    2.859435E-03  1.106764E-02  5.314575E+01
    11.8000    2.854425E-04  1.019381E-02  5.337907E+01
    11.8500   -1.643716E-03  9.414078E-03  5.358258E+01
    11.9000   -3.025817E-03  8.834270E-03  5.375666E+01
    11.9500   -4.113889E-03  8.538979E-03  5.390976E+01
    12.0000   -5.188180E-03  8.563019E-03  5.405795E+01
    12.0500   -6.444536E-03  8.877962E-03  5.421942E+01
    12.1000   -7.904775E-03  9.411804E-03  5.440414E+01
    12.1500   -9.420369E-03  1.007645E-02  5.461502E+01
    12.2000   -1.070324E-02  1.079149E-02  5.484990E+01
    12.2500   -1.139883E-02  1.149120E-02  5.510474E+01
    12.3000   -1.117656E-02  1.212256E-02  5.537555E+01
    12.3500   -9.821656E-03  1.264099E-02  5.565883E+01
    12.4000   -7.312647E-03  1.300700E-02  5.595161E+01
    12.4500   -3.865327E-03  1.318514E-02  5.625114E+01
    12.5000    7.704878E-05  1.314498E-02  5.655453E+01
    12.5500    3.920970E-03  1.286417E-02  5.685839E+01
    12.6000    7.061822E-03  1.233301E-02  5.715834E+01
    12.6500    9.052796E-03  1.156091E-02  5.744823E+01
    12.7000    9.748484E-03  1.058553E-02  5.771912E+01
    12.7500    9.363284E-03  9.486950E-03  5.795782E+01
    12.8000    8.406370E-03  8.409441E-03  5.814649E+01
    12.8500    7.499417E-03  7.583874E-03  5.826884E+01
    12.9000    7.134045E-03  7.300210E-03  5.833323E+01
    12.9500    7.460074E-03  7.748627E-03  5.839323E+01
    13.0000    8.194479E-03  8.856393E-03  5.850854E+01
    13.0500    8.690352E-03  1.038180E-02  5.869834E+01
    13.1000    8.179390E-03  1.206529E-02  5.894532E+01
    13.1500    6.082400E-03  1.372362E-02  5.923109E+01
    13.2000    2.255488E-03  1.522882E-02  5.954161E+01
    13.2500   -2.903643E-03  1.649395E-02  5.986723E+01
    13.3000   -8.541062E-03  1.746450E-02  6.020126E+01
    13.3500   -1.359217E-02  1.811396E-02  6.053888E+01
    13.4000   -1.709354E-02  1.844129E-02  6.087637E+01
    13.4500   -1.844508E-02  1.846842E-02  6.121078E+01
    13.5000   -1.753318E-02  1.823686E-02  6.153976E+01
    13.5500   -1.468805E-02  1.780267E-02  6.186157E+01
    13.6000   -1.051690E-02  1.722926E-02  6.217528E+01
    13.6500   -5.698613E-03  1.657824E-02  6.248096E+01
    13.7000   -8.265139E-04  1.589895E-02  6.277984E+01
    13.7500    3.652968E-03  1.521899E-02  6.307425E+01
    13.8000    7.415039E-03  1.453855E-02  6.336707E+01
    13.8500    1.019869E-02  1.383111E-02  6.366103E+01
    13.9000    1.178061E-02  1.305093E-02  6.395777E+01
    13.9500    1.201663E-02  1.214498E-02  6.425714E+01
    14.0000    1.093587E-02  1.106640E-02  6.455639E+01
    14.0500    8.833869E-03  9.789787E-03  6.484824E+01
    14.1000    6.279587E-03  8.327154E-03  6.511915E+01
    14.1500    3.979511E-03  6.743735E-03  6.534226E+01
    14.2000    2.558550E-03  5.221363E-03  6.546134E+01
    14.2500    2.317007E-03  4.206623E-03  6.539012E+01
    14.3000    3.072117E-03  4.379935E-03  6.519608E+01
    14.3500    4.169879E-03  5.745515E-03  6.516130E+01
    14.4000    4.689302E-03  7.678854E-03  6.531653E+01
    14.4500    3.779899E-03  9.756951E-03  6.557563E+01
    14.5000    1.010133E-03  1.176262E-02  6.588746E+01
    14.5500   -3.411167E-03  1.356387E-02  6.622766E+01
    14.6000   -8.636880E-03  1.506825E-02  6.658383E+01
    14.6500   -1.342003E-02  1.620886E-02  6.694888E+01
    14.7000   -1.650936E-02  1.694038E-02  6.731818E+01
    14.7500   -1.705993E-02  1.723834E-02  6.768824E+01
    14.8000   -1.490907E-02  1.709915E-02  6.805593E+01
    14.8500   -1.061839E-02  1.654032E-02  6.841797E+01
    14.9000   -5.270922E-03  1.560101E-02  6.877040E+01
    14.9500   -1.028760E-04  1.434313E-02  6.910787E+01
    15.0000    3.892660E-03  1.285458E-02  6.942269E+01
    15.0500    6.286006E-03  1.126282E-02  6.970716E+01
    15.1000    7.146437E-03  9.710122E-03  6.994215E+01
    15.1500    7.065752E-03  8.423215E-03  7.011019E+01
    15.2000    6.823554E-03  7.678738E-03  7.020939E+01
    15.2500    7.057067E-03  7.680587E-03  7.028012E+01
    15.3000    8.011763E-03  8.383001E-03  7.038712E+01
    15.3500    9.456538E-03  9.529819E-03  7.056174E+01
    15.4000    1.078283E-02  1.084961E-02  7.079684E+01
    15.4500    1.124123E-02  1.214703E-02  7.107446E+01
    15.5000    1.022473E-02  1.329767E-02  7.137949E+01
    15.5500    7.498203E-03  1.422532E-02  7.170144E+01
    15.6000    3.298553E-03  1.488607E-02  7.203319E+01
    15.6500   -1.721460E-03  1.525933E-02  7.236969E+01
    15.7000   -6.679419E-03  1.534293E-02  7.270705E+01
    15.7500   -1.071234E-02  1.515039E-02  7.304197E+01
    15.8000   -1.320568E-02  1.470939E-02  7.337132E+01
    15.8500   -1.393175E-02  1.406080E-02  7.369184E+01
    15.9000   -1.306120E-02  1.325819E-02  7.400003E+01
    15.9500   -1.105570E-02  1.236714E-02  7.429212E+01
    16.0000   -8.488075E-03  1.146376E-02  7.456452E+01
    16.0500   -5.910775E-03  1.071036E-02  7.481361E+01
    16.1000   -3.497342E-03  1.010931E-02  7.504497E+01
    16.1500   -1.293766E-03  9.702422E-03  7.526448E+01
    16.2000    7.856883E-04  9.494429E-03  7.548107E+01
    16.2500    2.842725E-03  9.450084E-03  7.570377E+01
    16.3000    4.890140E-03  9.505611E-03  7.593859E+01
    16.3500    6.804093E-03  9.587951E-03  7.618723E+01
    16.4000    8.352769E-03  9.632072E-03  7.644774E+01
    16.4500    9.286015E-03  9.591689E-03  7.671588E+01
    16.5000    9.442933E-03  9.444323E-03  7.698617E+01
    16.5500    8.826056E-03  9.193192E-03  7.725258E+01
    16.6000    7.605583E-03  8.867511E-03  7.750905E+01
    16.6500    6.049323E-03  8.520958E-03  7.775041E+01
    16.7000    4.409293E-03  8.225950E-03  7.797410E+01
    16.7500    2.818243E-03  8.059785E-03  7.818260E+01
    16.8000    1.247598E-03  8.081295E-03  7.838482E+01
    16.8500   -4.482254E-04  8.306460E-03  7.859380E+01
    16.9000   -2.416553E-03  8.699351E-03  7.882130E+01
    16.9500   -4.672088E-03  9.184911E-03  7.907346E+01
    17.0000   -7.010110E-03  9.671893E-03  7.935055E+01
    17.0500   -8.971164E-03  1.003380E-02  7.964622E+01
    17.1000   -1.012831E-02  1.024860E-02  7.995725E+01
    17.1500   -1.011664E-02  1.026118E-02  8.027866E+01
    17.2000   -8.833586E-03  1.003508E-02  8.060498E+01
    17.2500   -6.523393E-03  9.554588E-03  8.092989E+01
    17.3000   -3.729744E-03  8.827728E-03  8.124520E+01
    17.3500   -1.120768E-03  7.892151E-03  8.153892E+01
    17.4000    7.526534E-04  6.828286E-03  8.179186E+01
    17.4500    1.669579E-03  5.787813E-03  8.197403E+01
    17.5000    1.830614E-03  5.036859E-03  8.205337E+01
    17.5500    1.779938E-03  4.922309E-03  8.205140E+01
    17.6000    2.176881E-03  5.590774E-03  8.208136E+01
    17.6500    3.500726E-03  6.825934E-03  8.221992E+01
    17.7000    5.806320E-03  8.321949E-03  8.245361E+01
    17.7500    8.635359E-03  9.859570E-03  8.274857E+01
    17.8000    1.113140E-02  1.129698E-02  8.308078E+01
    17.8500    1.232699E-02  1.253780E-02  8.343584E+01
    17.9000    1.150062E-02  1.351402E-02  8.380509E+01
    17.9500    8.468143E-03  1.417887E-02  8.418295E+01
    18.0000    3.693862E-03  1.450412E-02  8.456549E+01
    18.0500   -1.867151E-03  1.448585E-02  8.495226E+01
    18.1000   -6.945406E-03  1.411554E-02  8.533743E+01
    18.1500   -1.046722E-02  1.341670E-02  8.571793E+01
    18.2000   -1.186025E-02  1.242973E-02  8.608992E+01
    18.2500   -1.119575E-02  1.121232E-02  8.644817E+01
    18.3000   -9.097525E-03  9.840873E-03  8.678497E+01
    18.3500   -6.463111E-03  8.414492E-03  8.708874E+01
    18.4000   -4.113725E-03  7.062509E-03  8.734283E+01
    18.4500   -2.512360E-03  5.952163E-03  8.752884E+01
    18.5000   -1.655204E-03  5.269180E-03  8.764505E+01
    18.5500   -1.165936E-03  5.117939E-03  8.773476E+01
    18.6000   -5.374487E-04  5.404415E-03  8.786498E+01
    18.6500    5.930872E-04  5.898761E-03  8.806531E+01
    18.7000    2.258057E-03  6.388410E-03  8.832586E+01
    18.7500    4.139981E-03  6.734329E-03  8.862667E+01
    18.8000    5.720046E-03  6.859764E-03  8.895065E+01
    18.8500    6.520947E-03  6.731824E-03  8.928443E+01
    18.9000    6.330043E-03  6.350707E-03  8.961608E+01
    18.9500    5.300081E-03  5.746102E-03  8.993199E+01
    19.0000    3.881828E-03  4.980937E-03  9.021258E+01
    19.0500    2.637178E-03  4.190863E-03  9.042558E+01
    19.1000    1.920389E-03  3.546620E-03  9.053400E+01
    19.1500    1.784054E-03  3.314460E-03  9.053781E+01
    19.2000    1.934918E-03  3.651531E-03  9.054771E+01
    19.2500    1.871549E-03  4.415264E-03  9.066846E+01
    19.3000    1.122344E-03  5.356384E-03  9.089509E+01
    19.3500   -5.212450E-04  6.295787E-03  9.118907E+01
    19.4000   -2.879561E-03  7.124908E-03  9.152224E+01
    19.4500   -5.423596E-03  7.777382E-03  9.187789E+01
    19.5000   -7.462397E-03  8.213584E-03  9.224597E+01
    19.5500   -8.400116E-03  8.413824E-03  9.261989E+01
    19.6000   -7.955948E-03  8.375171E-03  9.299472E+01
    19.6500   -6.258908E-03  8.109605E-03  9.336613E+01
    19.7000   -3.785000E-03  7.642601E-03  9.372966E+01
    19.7500   -1.170826E-03  7.011938E-03  9.408002E+01
    19.8000    1.014101E-03  6.266863E-03  9.441031E+01
    19.8500    2.443949E-03  5.467977E-03  9.471114E+01
    19.9000    3.099336E-03  4.688117E-03  9.497007E+01
    19.9500    3.206806E-03  4.012816E-03  9.517364E+01
    20.0000    3.097181E-03  3.532741E-03  9.531675E+01
