 Formula: Ag55Au92                              Feff8L (EXAFS)       0.1
 SpaceGroup: P1
 POT  Non-SCF, core-hole, AFOLP (folp(0)= 1.150)
 Abs   Z=47 Rmt= 1.558 Rnm= 1.611 K  shell
 Pot 1 Z=79 Rmt= 1.593 Rnm= 1.655
 Pot 2 Z=47 Rmt= 1.519 Rnm= 1.565
 Gam_ch=8.302E+00 H-L exch
 Mu=-1.286E+00 kf=1.700E+00 Vint=-1.230E+01 Rs_int= 2.133
 PATH  Rmax= 8.000,  Keep_limit= 0.00, Heap_limit 0.00  Pwcrit= 2.50%
 Path  160      icalc       2
 -----------------------------------------------------------------------
   2   2.000   7.5500    3.0611   -1.28562 nleg, deg, reff, rnrmav(bohr), edge
        x         y         z   pot at#
    -0.0000   -0.0000   -0.0000  0  47 Ag       absorbing atom
    -4.5270   -0.4065    6.0285  1  79 Au
    k   real[2*phc]   mag[feff]  phase[feff] red factor   lambda     real[p]@#
 -0.000  1.0198E+01  7.0433E-05 -8.2666E+00  1.050E+00  3.1743E+00  1.7293E+00
  0.100  1.0197E+01  7.2913E-02 -9.7393E+00  1.052E+00  3.1792E+00  1.7320E+00
  0.200  1.0195E+01  1.4528E-01 -1.1133E+01  1.055E+00  3.1939E+00  1.7400E+00
  0.300  1.0190E+01  2.1656E-01 -1.2451E+01  1.062E+00  3.2180E+00  1.7534E+00
  0.400  1.0183E+01  2.8624E-01 -1.3693E+01  1.070E+00  3.2509E+00  1.7720E+00
  0.500  1.0174E+01  3.5383E-01 -1.4861E+01  1.080E+00  3.2918E+00  1.7957E+00
  0.600  1.0162E+01  4.1891E-01 -1.5957E+01  1.093E+00  3.3398E+00  1.8244E+00
  0.700  1.0148E+01  4.8107E-01 -1.6983E+01  1.106E+00  3.3935E+00  1.8578E+00
  0.800  1.0129E+01  5.3995E-01 -1.7941E+01  1.120E+00  3.4519E+00  1.8958E+00
  0.900  1.0107E+01  5.9522E-01 -1.8833E+01  1.135E+00  3.5135E+00  1.9383E+00
  1.000  1.0080E+01  6.4659E-01 -1.9660E+01  1.151E+00  3.5771E+00  1.9851E+00
  1.100  1.0048E+01  6.9372E-01 -2.0425E+01  1.166E+00  3.6414E+00  2.0361E+00
  1.200  1.0011E+01  7.3631E-01 -2.1128E+01  1.182E+00  3.7051E+00  2.0912E+00
  1.300  9.9673E+00  7.7395E-01 -2.1770E+01  1.197E+00  3.7675E+00  2.1502E+00
  1.400  9.9176E+00  8.0622E-01 -2.2351E+01  1.211E+00  3.8280E+00  2.2132E+00
  1.500  9.8609E+00  8.3260E-01 -2.2870E+01  1.225E+00  3.8863E+00  2.2801E+00
  1.600  9.7967E+00  8.5255E-01 -2.3326E+01  1.237E+00  3.9431E+00  2.3510E+00
  1.700  9.7244E+00  8.6545E-01 -2.3717E+01  1.248E+00  3.9996E+00  2.4260E+00
  1.800  9.6434E+00  8.7075E-01 -2.4039E+01  1.256E+00  4.0580E+00  2.5052E+00
  1.900  9.5530E+00  8.6746E-01 -2.4284E+01  1.262E+00  4.1216E+00  2.5889E+00
  2.000  9.4455E+00  8.4438E-01 -2.4414E+01  1.263E+00  4.1979E+00  2.6797E+00
  2.200  9.1811E+00  8.3899E-01 -2.4447E+01  1.439E+00  3.6404E+00  2.8832E+00
  2.400  9.1237E+00  8.7400E-01 -2.5284E+01  1.565E+00  3.3097E+00  3.0213E+00
  2.600  9.0748E+00  8.7879E-01 -2.6105E+01  1.605E+00  3.1870E+00  3.1543E+00
  2.800  8.9958E+00  8.4694E-01 -2.6726E+01  1.599E+00  3.1603E+00  3.2982E+00
  3.000  8.9005E+00  8.0853E-01 -2.7213E+01  1.572E+00  3.1883E+00  3.4486E+00
  3.200  8.7960E+00  7.7190E-01 -2.7599E+01  1.526E+00  3.2518E+00  3.6049E+00
  3.400  8.6821E+00  7.3596E-01 -2.7918E+01  1.480E+00  3.3408E+00  3.7666E+00
  3.600  8.5642E+00  7.0268E-01 -2.8195E+01  1.434E+00  3.4492E+00  3.9328E+00
  3.800  8.4427E+00  6.5794E-01 -2.8442E+01  1.389E+00  3.5730E+00  4.1032E+00
  4.000  8.3174E+00  6.0909E-01 -2.8664E+01  1.350E+00  3.7094E+00  4.2771E+00
  4.200  8.1912E+00  5.5009E-01 -2.8866E+01  1.312E+00  3.8565E+00  4.4540E+00
  4.400  8.0612E+00  4.8689E-01 -2.9046E+01  1.278E+00  4.0127E+00  4.6336E+00
  4.600  7.9287E+00  4.2022E-01 -2.9211E+01  1.249E+00  4.1768E+00  4.8156E+00
  4.800  7.7943E+00  3.5248E-01 -2.9370E+01  1.224E+00  4.3480E+00  4.9995E+00
  5.000  7.6579E+00  2.7786E-01 -2.9522E+01  1.198E+00  4.5254E+00  5.1852E+00
  5.200  7.5208E+00  2.0345E-01 -2.9702E+01  1.175E+00  4.7085E+00  5.3723E+00
  5.400  7.3831E+00  1.2747E-01 -2.9966E+01  1.154E+00  4.8966E+00  5.5608E+00
  5.600  7.2468E+00  6.4022E-02 -3.0641E+01  1.133E+00  5.0894E+00  5.7505E+00
  5.800  7.1123E+00  7.3770E-02 -3.1984E+01  1.114E+00  5.2866E+00  5.9411E+00
  6.000  6.9805E+00  1.4042E-01 -3.2474E+01  1.096E+00  5.4877E+00  6.1326E+00
  6.500  6.6665E+00  3.0214E-01 -3.2837E+01  1.060E+00  6.0062E+00  6.6147E+00
  7.000  6.3749E+00  4.0950E-01 -3.2999E+01  1.034E+00  6.5444E+00  7.1003E+00
  7.500  6.0898E+00  4.6862E-01 -3.3098E+01  1.014E+00  7.0997E+00  7.5886E+00
  8.000  5.8126E+00  4.9089E-01 -3.3158E+01  9.936E-01  7.6702E+00  8.0790E+00
  8.500  5.5408E+00  4.8473E-01 -3.3178E+01  9.755E-01  8.2543E+00  8.5711E+00
  9.000  5.2819E+00  4.5999E-01 -3.3160E+01  9.607E-01  8.8507E+00  9.0643E+00
  9.500  5.0368E+00  4.2926E-01 -3.3104E+01  9.502E-01  9.4583E+00  9.5586E+00
 10.000  4.8009E+00  4.0402E-01 -3.3012E+01  9.431E-01  1.0076E+01  1.0054E+01
 11.000  4.3516E+00  3.9015E-01 -3.2774E+01  9.325E-01  1.1340E+01  1.1046E+01
 12.000  3.9415E+00  4.2226E-01 -3.2587E+01  9.262E-01  1.2637E+01  1.2040E+01
 13.000  3.5597E+00  4.7249E-01 -3.2511E+01  9.235E-01  1.3963E+01  1.3035E+01
 14.000  3.2049E+00  5.1586E-01 -3.2517E+01  9.219E-01  1.5316E+01  1.4031E+01
 15.000  2.8756E+00  5.4417E-01 -3.2574E+01  9.220E-01  1.6692E+01  1.5028E+01
 16.000  2.5671E+00  5.5651E-01 -3.2661E+01  9.223E-01  1.8089E+01  1.6025E+01
 17.000  2.2792E+00  5.5468E-01 -3.2769E+01  9.229E-01  1.9505E+01  1.7023E+01
 18.000  2.0070E+00  5.4174E-01 -3.2893E+01  9.228E-01  2.0939E+01  1.8021E+01
 19.000  1.7504E+00  5.2034E-01 -3.3028E+01  9.226E-01  2.2390E+01  1.9019E+01
 20.000  1.5068E+00  4.9426E-01 -3.3170E+01  9.228E-01  2.3855E+01  2.0018E+01
