 Formula: Ag55Au92                              Feff8L (EXAFS)       0.1
 SpaceGroup: P1
 POT  Non-SCF, core-hole, AFOLP (folp(0)= 1.150)
 Abs   Z=47 Rmt= 1.558 Rnm= 1.611 K  shell
 Pot 1 Z=79 Rmt= 1.593 Rnm= 1.655
 Pot 2 Z=47 Rmt= 1.519 Rnm= 1.565
 Gam_ch=8.302E+00 H-L exch
 Mu=-1.286E+00 kf=1.700E+00 Vint=-1.230E+01 Rs_int= 2.133
 PATH  Rmax= 8.000,  Keep_limit= 0.00, Heap_limit 0.00  Pwcrit= 2.50%
 -----------------------------------------------------------------------
    file        sig2   amp ratio    deg    nlegs  r effective
 feff0001.dat 0.00000   100.000     1.000     2   2.7563
 feff0002.dat 0.00000    97.070     1.000     2   2.7879
 feff0003.dat 0.00000    96.850     1.000     2   2.7904
 feff0004.dat 0.00000    95.710     1.000     2   2.8029
 feff0005.dat 0.00000    95.390     1.000     2   2.8065
 feff0006.dat 0.00000    93.950     1.000     2   2.8227
 feff0007.dat 0.00000    89.950     1.000     2   2.8692
 feff0008.dat 0.00000    88.720     1.000     2   2.8839
 feff0009.dat 0.00000    85.500     1.000     2   2.9236
 feff0010.dat 0.00000    82.250     1.000     2   2.9654
 feff0011.dat 0.00000    81.300     1.000     2   2.9779
 feff0012.dat 0.00000    80.520     1.000     2   2.9884
 feff0013.dat 0.00000    33.140     1.000     2   4.0270
 feff0014.dat 0.00000     4.394     2.000     3   4.1638
 feff0015.dat 0.00000    29.800     1.000     2   4.1658
 feff0016.dat 0.00000    29.780     1.000     2   4.1668
 feff0017.dat 0.00000     4.825     2.000     3   4.1748
 feff0018.dat 0.00000     4.090     2.000     3   4.1953
 feff0019.dat 0.00000     4.293     2.000     3   4.1959
 feff0020.dat 0.00000     3.932     2.000     3   4.2080
 feff0021.dat 0.00000    28.730     1.000     2   4.2143
 feff0022.dat 0.00000     3.741     2.000     3   4.2213
 feff0023.dat 0.00000     3.683     2.000     3   4.2384
 feff0024.dat 0.00000     3.563     2.000     3   4.2682
 feff0025.dat 0.00000    27.580     1.000     2   4.2693
 feff0026.dat 0.00000     3.206     2.000     3   4.2778
 feff0027.dat 0.00000     3.807     2.000     3   4.2796
 feff0028.dat 0.00000     3.080     2.000     3   4.2879
 feff0029.dat 0.00000     3.868     2.000     3   4.2990
 feff0030.dat 0.00000     3.251     2.000     3   4.3023
 feff0031.dat 0.00000     3.513     2.000     3   4.3109
 feff0032.dat 0.00000     3.360     2.000     3   4.3143
 feff0033.dat 0.00000     3.884     2.000     3   4.3302
 feff0034.dat 0.00000     4.144     2.000     3   4.3408
 feff0035.dat 0.00000     3.790     2.000     3   4.3416
 feff0036.dat 0.00000     2.948     2.000     3   4.3514
 feff0037.dat 0.00000    25.760     1.000     2   4.3625
 feff0038.dat 0.00000     3.534     2.000     3   4.3915
 feff0039.dat 0.00000     2.952     2.000     3   4.3957
 feff0040.dat 0.00000     3.329     2.000     3   4.4055
 feff0041.dat 0.00000     3.311     2.000     3   4.4343
 feff0042.dat 0.00000    18.580     1.000     2   4.8298
 feff0043.dat 0.00000    18.260     1.000     2   4.8557
 feff0044.dat 0.00000    17.800     1.000     2   4.8934
 feff0045.dat 0.00000    17.700     1.000     2   4.9023
 feff0046.dat 0.00000    17.640     1.000     2   4.9070
 feff0047.dat 0.00000    17.400     1.000     2   4.9275
 feff0048.dat 0.00000    17.300     1.000     2   4.9367
 feff0049.dat 0.00000    17.160     1.000     2   4.9492
 feff0050.dat 0.00000    16.980     1.000     2   4.9650
 feff0051.dat 0.00000    16.740     1.000     2   4.9865
 feff0052.dat 0.00000    16.420     1.000     2   5.0159
 feff0053.dat 0.00000    16.190     1.000     2   5.0376
 feff0054.dat 0.00000    16.140     1.000     2   5.0419
 feff0055.dat 0.00000    16.050     1.000     2   5.0510
 feff0056.dat 0.00000    16.000     1.000     2   5.0551
 feff0057.dat 0.00000    15.720     1.000     2   5.0825
 feff0058.dat 0.00000    15.600     1.000     2   5.0947
 feff0059.dat 0.00000    15.490     1.000     2   5.1054
 feff0060.dat 0.00000    15.400     1.000     2   5.1142
 feff0061.dat 0.00000    15.090     1.000     2   5.1460
 feff0062.dat 0.00000    14.920     1.000     2   5.1634
 feff0063.dat 0.00000    14.740     1.000     2   5.1833
 feff0064.dat 0.00000    14.530     1.000     2   5.2057
 feff0065.dat 0.00000    14.510     1.000     2   5.2074
 feff0066.dat 0.00000    12.820     1.000     2   5.4052
 feff0067.dat 0.00000    48.900     2.000     3   5.4075
 feff0068.dat 0.00000    49.520     1.000     4   5.4098
 feff0069.dat 0.00000     3.227     2.000     3   5.4261
 feff0070.dat 0.00000    12.050     1.000     2   5.5051
 feff0071.dat 0.00000    44.740     2.000     3   5.5086
 feff0072.dat 0.00000    44.080     1.000     4   5.5121
 feff0074.dat 0.00000    10.400     2.000     3   5.5440
 feff0075.dat 0.00000    17.650     2.000     4   5.5443
 feff0078.dat 0.00000    11.420     1.000     2   5.5939
 feff0079.dat 0.00000    45.650     2.000     3   5.5943
 feff0080.dat 0.00000    48.780     1.000     4   5.5947
 feff0083.dat 0.00000    11.170     1.000     2   5.6307
 feff0084.dat 0.00000    45.260     2.000     3   5.6310
 feff0085.dat 0.00000    49.080     1.000     4   5.6312
 feff0087.dat 0.00000    11.000     1.000     2   5.6564
 feff0088.dat 0.00000    10.990     1.000     2   5.6572
 feff0089.dat 0.00000    44.480     2.000     3   5.6576
 feff0090.dat 0.00000    48.080     1.000     4   5.6580
 feff0091.dat 0.00000    41.060     2.000     3   5.6598
 feff0092.dat 0.00000    40.590     1.000     4   5.6633
 feff0093.dat 0.00000     9.255     2.000     3   5.6730
 feff0094.dat 0.00000    15.000     2.000     4   5.6757
 feff0095.dat 0.00000    10.710     1.000     2   5.7006
 feff0096.dat 0.00000    36.910     2.000     3   5.7070
 feff0097.dat 0.00000     9.023     2.000     3   5.7130
 feff0098.dat 0.00000    15.020     2.000     4   5.7140
 feff0099.dat 0.00000    33.310     1.000     4   5.7135
 feff0100.dat 0.00000    10.500     1.000     2   5.7344
 feff0101.dat 0.00000    41.910     2.000     3   5.7345
 feff0102.dat 0.00000    44.720     1.000     4   5.7346
 feff0103.dat 0.00000    10.460     1.000     2   5.7410
 feff0104.dat 0.00000    41.390     2.000     3   5.7415
 feff0105.dat 0.00000    43.780     1.000     4   5.7419
 feff0106.dat 0.00000     8.571     2.000     3   5.7805
 feff0107.dat 0.00000    14.420     2.000     4   5.7808
 feff0108.dat 0.00000     8.493     2.000     3   5.7870
 feff0109.dat 0.00000    14.060     2.000     4   5.7882
 feff0110.dat 0.00000    10.070     1.000     2   5.8054
 feff0111.dat 0.00000    35.280     2.000     3   5.8116
 feff0112.dat 0.00000    32.160     1.000     4   5.8177
 feff0113.dat 0.00000     9.903     1.000     2   5.8333
 feff0114.dat 0.00000    31.940     2.000     3   5.8422
 feff0115.dat 0.00000    26.630     1.000     4   5.8512
 feff0116.dat 0.00000     9.742     1.000     2   5.8612
 feff0117.dat 0.00000    38.580     2.000     3   5.8617
 feff0118.dat 0.00000    40.710     1.000     4   5.8623
 feff0119.dat 0.00000     7.821     2.000     3   5.8659
 feff0120.dat 0.00000    11.840     2.000     4   5.8722
 feff0121.dat 0.00000     6.627     1.000     2   6.3965
 feff0122.dat 0.00000     6.564     1.000     2   6.4147
 feff0123.dat 0.00000     6.372     1.000     2   6.4706
 feff0124.dat 0.00000     6.312     1.000     2   6.4884
 feff0125.dat 0.00000     6.252     1.000     2   6.5066
 feff0126.dat 0.00000     6.232     1.000     2   6.5129
 feff0127.dat 0.00000     6.213     1.000     2   6.5187
 feff0128.dat 0.00000     6.165     1.000     2   6.5333
 feff0129.dat 0.00000     6.122     1.000     2   6.5466
 feff0130.dat 0.00000     6.074     1.000     2   6.5618
 feff0131.dat 0.00000     6.013     1.000     2   6.5810
 feff0132.dat 0.00000     5.893     1.000     2   6.6198
 feff0133.dat 0.00000     5.844     1.000     2   6.6360
 feff0134.dat 0.00000     5.830     1.000     2   6.6407
 feff0135.dat 0.00000     5.766     1.000     2   6.6621
 feff0136.dat 0.00000     5.727     1.000     2   6.6753
 feff0137.dat 0.00000     5.726     1.000     2   6.6756
 feff0138.dat 0.00000     5.703     1.000     2   6.6832
 feff0139.dat 0.00000     5.641     1.000     2   6.7046
 feff0140.dat 0.00000     5.598     1.000     2   6.7195
 feff0141.dat 0.00000     5.527     1.000     2   6.7445
 feff0142.dat 0.00000     5.508     1.000     2   6.7514
 feff0143.dat 0.00000     5.187     1.000     2   6.8697
 feff0144.dat 0.00000     5.121     1.000     2   6.8951
 feff0145.dat 0.00000     4.335     1.000     2   7.2340
 feff0146.dat 0.00000     4.250     1.000     2   7.2753
 feff0147.dat 0.00000     4.132     1.000     2   7.3340
 feff0148.dat 0.00000     4.051     1.000     2   7.3757
 feff0149.dat 0.00000     4.041     1.000     2   7.3809
 feff0150.dat 0.00000     3.942     1.000     2   7.4335
 feff0151.dat 0.00000     3.936     1.000     2   7.4369
 feff0152.dat 0.00000     3.897     1.000     2   7.4578
 feff0153.dat 0.00000     3.868     1.000     2   7.4738
 feff0154.dat 0.00000     3.865     1.000     2   7.4752
 feff0155.dat 0.00000     3.857     1.000     2   7.4797
 feff0156.dat 0.00000     3.840     1.000     2   7.4893
 feff0157.dat 0.00000     3.815     1.000     2   7.5031
 feff0158.dat 0.00000     3.812     1.000     2   7.5046
 feff0159.dat 0.00000     3.810     1.000     2   7.5060
 feff0160.dat 0.00000     3.802     1.000     2   7.5104
 feff0161.dat 0.00000     3.768     1.000     2   7.5295
 feff0162.dat 0.00000     3.760     1.000     2   7.5344
 feff0163.dat 0.00000     3.274     2.000     3   7.5342
 feff0164.dat 0.00000     3.757     1.000     2   7.5361
 feff0165.dat 0.00000     3.737     1.000     2   7.5472
 feff0166.dat 0.00000     7.465     2.000     2   7.5500
 feff0167.dat 0.00000     3.723     1.000     2   7.5556
 feff0168.dat 0.00000     3.696     1.000     2   7.5710
 feff0169.dat 0.00000     3.678     1.000     2   7.5817
 feff0170.dat 0.00000     3.652     1.000     2   7.5971
 feff0171.dat 0.00000     3.642     1.000     2   7.6028
 feff0172.dat 0.00000     3.634     1.000     2   7.6076
 feff0173.dat 0.00000     3.624     1.000     2   7.6135
 feff0174.dat 0.00000     3.622     1.000     2   7.6149
 feff0175.dat 0.00000     3.601     1.000     2   7.6274
 feff0176.dat 0.00000     7.155     2.000     2   7.6416
 feff0177.dat 0.00000     3.565     1.000     2   7.6489
 feff0178.dat 0.00000     3.561     1.000     2   7.6516
 feff0179.dat 0.00000     3.559     1.000     2   7.6527
 feff0180.dat 0.00000     3.555     1.000     2   7.6554
 feff0181.dat 0.00000     3.549     1.000     2   7.6591
 feff0182.dat 0.00000     3.532     1.000     2   7.6692
 feff0183.dat 0.00000     3.522     1.000     2   7.6756
 feff0184.dat 0.00000     3.520     1.000     2   7.6768
 feff0185.dat 0.00000     3.509     1.000     2   7.6834
 feff0186.dat 0.00000     3.485     1.000     2   7.6988
 feff0187.dat 0.00000     3.442     1.000     2   7.7259
 feff0188.dat 0.00000     3.433     1.000     2   7.7314
 feff0189.dat 0.00000     3.425     1.000     2   7.7367
 feff0190.dat 0.00000     3.346     1.000     2   7.7879
 feff0191.dat 0.00000     3.324     1.000     2   7.8025
 feff0192.dat 0.00000     3.320     1.000     2   7.8055
 feff0193.dat 0.00000     3.296     1.000     2   7.8214
 feff0194.dat 0.00000     3.285     1.000     2   7.8290
 feff0195.dat 0.00000     3.277     1.000     2   7.8339
 feff0196.dat 0.00000     3.226     1.000     2   7.8687
 feff0197.dat 0.00000     3.222     1.000     2   7.8720
 feff0198.dat 0.00000     3.215     1.000     2   7.8763
 feff0199.dat 0.00000     3.179     1.000     2   7.9016
