# Formula: Fe2O3                               Feff8L (EXAFS)       0.1
# SpaceGroup: R-3c
# POT  Non-SCF, core-hole, AFOLP (folp(0)= 1.150)
# Abs   Z=26 Rmt= 1.286 Rnm= 1.378 K  shell
# Pot 1 Z= 8 Rmt= 1.012 Rnm= 1.086
# Pot 2 Z=26 Rmt= 1.289 Rnm= 1.385
# Gam_ch=1.309E+00 H-L exch
# Mu=-1.025E+00 kf=2.246E+00 Vint=-2.024E+01 Rs_int= 1.615
# PATH  Rmax= 8.000,  Keep_limit= 0.00, Heap_limit 0.00  Pwcrit= 2.50%
#  S02=1.000                                        Global_sig2= 0.00000
#  Curved wave amplitude ratio filter   4.000%
#     file         sig2 tot  cw amp ratio   deg  nlegs   reff  inp sig2
#           1       0.00000    100.00      3.00     2   1.9457
#           2       0.00000     83.10      3.00     2   2.1162
#           3       0.00000     14.62      1.00     2   2.9004
#           4       0.00000     41.43      3.00     2   2.9710
#           5       0.00000     30.78      3.00     2   3.3642
#           6       0.00000     18.16      2.00     2   3.3985
#           7       0.00000      9.08      1.00     2   3.3985
#           8       0.00000      7.36      6.00     3   3.4184
#           9       0.00000      7.69      6.00     3   3.4508
#          10       0.00000      7.88      6.00     3   3.4634
#          11       0.00000      6.66      6.00     3   3.4749
#          12       0.00000      4.90      6.00     3   3.5164
#          13       0.00000      4.82      6.00     3   3.5164
#          15       0.00000     23.64      3.00     2   3.5964
#          16       0.00000     12.67      6.00     3   3.6277
#          17       0.00000     48.66      6.00     2   3.7053
#          18       0.00000     20.76      3.00     2   3.7857
#          19       0.00000     10.44      6.00     3   3.8835
#          20       0.00000     10.73      6.00     3   3.8835
#          21       0.00000      5.48      3.00     4   3.8913
#          23       0.00000      6.77      1.00     2   3.9856
#          25       0.00000     26.01      6.00     3   4.0374
#          26       0.00000     18.09      6.00     4   4.0618
#          29       0.00000     16.53      3.00     2   4.1352
#          30       0.00000      9.70     12.00     3   4.2150
#          32       0.00000      5.03      6.00     3   4.2428
#          33       0.00000      5.07      6.00     3   4.3096
#          34       0.00000     14.09      3.00     2   4.3948
#          35       0.00000      7.40     12.00     3   4.4686
#          37       0.00000      5.09      6.00     3   4.4906
#          38       0.00000     18.12      6.00     3   4.5049
#          39       0.00000      6.17      6.00     3   4.5132
#          40       0.00000     12.85      3.00     2   4.5495
#          41       0.00000      5.14      6.00     3   4.5696
#          42       0.00000      7.55      3.00     4   4.6150
#          43       0.00000     12.29      3.00     2   4.6263
#          44       0.00000     18.77      6.00     3   4.6351
#          45       0.00000     23.55      6.00     2   4.7006
#          46       0.00000      8.25      3.00     4   4.7207
#          48       0.00000      4.20      6.00     3   4.7409
#          49       0.00000      4.44      6.00     4   4.7855
#          50       0.00000     10.94      6.00     3   4.8037
#          51       0.00000      6.85      6.00     3   4.8086
#          52       0.00000      8.86      6.00     3   4.8086
#          55       0.00000     16.77     12.00     3   4.9261
#          58       0.00000      6.14      6.00     4   4.9811
#          60       0.00000     10.04      3.00     2   4.9864
#          61       0.00000     21.10      6.00     3   4.9952
#          62       0.00000     11.17      3.00     4   5.0040
#          65       0.00000     22.19      6.00     2   5.0380
#          66       0.00000      5.27      6.00     4   5.1516
#          67       0.00000      5.10      4.00     3   5.1911
#          68       0.00000      6.37      6.00     3   5.1911
#          69       0.00000      5.31      6.00     3   5.1911
#          70       0.00000      8.34      3.00     2   5.3350
#          72       0.00000      5.39      6.00     3   5.4077
#          73       0.00000      8.17      6.00     3   5.4077
#          75       0.00000     18.09      6.00     2   5.4346
#          78       0.00000      4.74      6.00     3   5.4832
#          80       0.00000      7.56      3.00     2   5.5273
#          81       0.00000      5.89      6.00     3   5.5440
#          82       0.00000      6.32      6.00     3   5.5736
#          83       0.00000      5.81      6.00     3   5.5736
#          84       0.00000      4.75      6.00     3   5.5736
#          85       0.00000      5.27      6.00     3   5.5891
#          86       0.00000      8.23      6.00     3   5.5891
#          87       0.00000      4.13      6.00     3   5.6468
#          88       0.00000      7.11      3.00     2   5.6501
#          90       0.00000      6.90      3.00     2   5.7121
#          92       0.00000      5.59      6.00     3   5.7430
#          95       0.00000      4.72      6.00     3   5.7668
#          96       0.00000      7.81      6.00     3   5.7668
#          97       0.00000      4.26      6.00     4   5.7674
#         101       0.00000     15.02      6.00     2   5.8132
#         105       0.00000      7.39      3.00     2   5.8488
#         106       0.00000     10.71      6.00     3   5.8575
#         107       0.00000      9.41      6.00     3   5.8575
#         110       0.00000      6.32      3.00     2   5.8922
#         111       0.00000      4.22      3.00     4   5.9018
#         114       0.00000      5.28      6.00     3   5.9206
#         116       0.00000      7.02      3.00     2   5.9545
#         122       0.00000      6.69      3.00     2   6.0580
#         124       0.00000      5.79      3.00     2   6.0771
#         126       0.00000      4.86      6.00     3   6.0990
#         127       0.00000      4.31      6.00     3   6.1030
#         129       0.00000     11.28      6.00     2   6.1338
#         131       0.00000      4.37      6.00     3   6.1992
#         134       0.00000      5.36      3.00     2   6.2466
#         137       0.00000     12.23      6.00     2   6.2538
#         138       0.00000      4.85      6.00     3   6.2555
#         140       0.00000      5.25      3.00     2   6.2899
#         142       0.00000      8.15      6.00     3   6.2945
#         143       0.00000      8.00      6.00     3   6.2945
#         144       0.00000     10.15     12.00     3   6.2944
#         151       0.00000      6.09      6.00     3   6.3403
#         153       0.00000      4.10      6.00     3   6.3682
#         156       0.00000     11.33      6.00     2   6.4239
#         161       0.00000      8.72      6.00     3   6.4596
#         162       0.00000      7.35      6.00     3   6.4596
#         163       0.00000      4.86      3.00     2   6.4634
#         164       0.00000      7.70      6.00     3   6.4739
#         167       0.00000      5.50      6.00     4   6.4952
#         175       0.00000      4.90      6.00     3   6.5994
#         177       0.00000      5.17      6.00     3   6.6237
#         179       0.00000      4.79     12.00     3   6.6565
#         180       0.00000      5.11      6.00     3   6.6654
#         181       0.00000      4.31      3.00     2   6.7371
#         185       0.00000      4.01      6.00     4   6.7510
#         186       0.00000      4.21      3.00     2   6.7882
#         187       0.00000      7.28      6.00     3   6.8097
#         189       0.00000      4.12      3.00     2   6.8399
#         190       0.00000      4.19      6.00     3   6.8761
#         191       0.00000      4.05      3.00     2   6.8795
#         192       0.00000      4.41      6.00     4   6.8849
#         196       0.00000      6.06      6.00     3   6.8949
#         198       0.00000      5.59      6.00     3   6.9118
#         201       0.00000      4.56      3.00     2   6.9218
#         204       0.00000      5.91      6.00     3   6.9904
#         206       0.00000      7.58      6.00     2   7.0385
#         207       0.00000      4.55     12.00     3   7.0535
#         210       0.00000      5.04      6.00     3   7.1497
#         218       0.00000      4.89      6.00     3   7.2693
#         220       0.00000      4.77      6.00     3   7.2928
#         223       0.00000      4.43      6.00     3   7.4080
#         224       0.00000      7.46      6.00     2   7.4105
#         226       0.00000     15.57     12.00     3   7.4105
#         227       0.00000     10.29      6.00     4   7.4105
#         232       0.00000      4.28      6.00     3   7.4866
#         241       0.00000      6.11      6.00     2   7.5717
#         243       0.00000      4.09      6.00     3   7.6222
#         244       0.00000      6.52     12.00     3   7.6538
#         245       0.00000      6.60      6.00     2   7.7194
#         247       0.00000      4.61      6.00     3   7.7556
#         255       0.00000      6.20      6.00     2   7.8791
#   134/ 224 paths used
#  -----------------------------------------------------------------------
#       k          chi          mag           phase @#
     0.0000    2.658898E-01  1.147967E+00  2.337406E-01
     0.0500    2.719527E-01  1.147312E+00  2.393123E-01
     0.1000    2.779998E-01  1.146652E+00  2.448850E-01
     0.1500    2.960166E-01  1.144654E+00  2.615808E-01
     0.2000    3.138816E-01  1.142606E+00  2.782848E-01
     0.2500    3.432172E-01  1.139129E+00  3.060536E-01
     0.3000    3.720841E-01  1.135515E+00  3.338455E-01
     0.3500    4.114980E-01  1.130326E+00  3.726154E-01
     0.4000    4.498621E-01  1.124874E+00  4.114319E-01
     0.4500    4.972907E-01  1.117649E+00  4.611111E-01
     0.5000    5.427201E-01  1.110002E+00  5.108700E-01
     0.5500    5.950412E-01  1.100369E+00  5.713463E-01
     0.6000    6.439492E-01  1.090121E+00  6.319427E-01
     0.6500    6.967450E-01  1.077539E+00  7.031289E-01
     0.7000    7.441934E-01  1.064121E+00  7.744879E-01
     0.7500    7.917231E-01  1.048077E+00  8.562730E-01
     0.8000    8.315071E-01  1.030952E+00  9.382804E-01
     0.8500    8.668886E-01  1.010853E+00  1.030548E+00
     0.9000    8.918960E-01  9.894189E-01  1.123071E+00
     0.9500    9.077460E-01  9.646421E-01  1.225628E+00
     1.0000    9.108617E-01  9.382858E-01  1.328427E+00
     1.0500    9.006007E-01  9.082427E-01  1.440982E+00
     1.1000    8.763040E-01  8.764325E-01  1.553672E+00
     1.1500    8.360587E-01  8.406802E-01  1.675700E+00
     1.2000    7.825313E-01  8.030973E-01  1.797594E+00
     1.2500    7.133809E-01  7.614944E-01  1.928175E+00
     1.3000    6.346079E-01  7.182037E-01  2.058088E+00
     1.3500    5.442872E-01  6.710982E-01  2.195666E+00
     1.4000    4.510327E-01  6.227365E-01  2.331610E+00
     1.4500    3.537748E-01  5.711363E-01  2.473586E+00
     1.5000    2.621297E-01  5.190581E-01  2.612199E+00
     1.5500    1.756252E-01  4.647487E-01  2.754073E+00
     1.6000    1.026112E-01  4.111090E-01  2.889330E+00
     1.6500    4.232245E-02  3.567001E-01  3.022663E+00
     1.7000   -2.864032E-04  3.044957E-01  3.142533E+00
     1.7500   -2.721499E-02  2.534993E-01  3.249157E+00
     1.8000   -3.785579E-02  2.068394E-01  3.325650E+00
     1.8500   -3.569359E-02  1.644322E-01  3.360406E+00
     1.9000   -2.360159E-02  1.302509E-01  3.323800E+00
     1.9500   -5.739122E-03  1.063557E-01  3.195580E+00
     2.0000    1.380568E-02  9.710114E-02  2.998931E+00
     2.0500    3.168013E-02  1.006192E-01  2.821292E+00
     2.1000    4.491954E-02  1.127943E-01  2.731992E+00
     2.1500    5.175750E-02  1.280330E-01  2.725432E+00
     2.2000    5.154647E-02  1.431506E-01  2.773233E+00
     2.2500    4.507916E-02  1.565162E-01  2.849438E+00
     2.3000    3.280124E-02  1.682746E-01  2.945410E+00
     2.3500    1.580199E-02  1.783389E-01  3.052870E+00
     2.4000   -4.686543E-03  1.868598E-01  3.166676E+00
     2.4500   -2.741719E-02  1.933583E-01  3.283867E+00
     2.5000   -5.088326E-02  1.984997E-01  3.400826E+00
     2.5500   -7.439839E-02  2.031941E-01  3.516455E+00
     2.6000   -9.820770E-02  2.083886E-01  3.632325E+00
     2.6500   -1.239219E-01  2.160304E-01  3.752525E+00
     2.7000   -1.520216E-01  2.244339E-01  3.885755E+00
     2.7500   -1.807691E-01  2.324286E-01  4.032655E+00
     2.8000   -2.071823E-01  2.388255E-01  4.191757E+00
     2.8500   -2.273812E-01  2.430753E-01  4.351080E+00
     2.9000   -2.414111E-01  2.461862E-01  4.515111E+00
     2.9500   -2.478447E-01  2.479527E-01  4.682870E+00
     3.0000   -2.457956E-01  2.482564E-01  4.853305E+00
     3.0500   -2.357535E-01  2.477185E-01  5.024462E+00
     3.1000   -2.176231E-01  2.459288E-01  5.196900E+00
     3.1500   -1.923218E-01  2.429775E-01  5.369892E+00
     3.2000   -1.612129E-01  2.390051E-01  5.542876E+00
     3.2500   -1.260450E-01  2.347184E-01  5.716302E+00
     3.3000   -8.819670E-02  2.296351E-01  5.888981E+00
     3.3500   -4.939611E-02  2.239536E-01  6.060793E+00
     3.4000   -1.117041E-02  2.178494E-01  6.231887E+00
     3.4500    2.569061E-02  2.119128E-01  6.404716E+00
     3.5000    5.970863E-02  2.057301E-01  6.577650E+00
     3.5500    8.993681E-02  1.993220E-01  6.751310E+00
     3.6000    1.155251E-01  1.926457E-01  6.926282E+00
     3.6500    1.364935E-01  1.862327E-01  7.105788E+00
     3.7000    1.513125E-01  1.793088E-01  7.287632E+00
     3.7500    1.593371E-01  1.717333E-01  7.471703E+00
     3.8000    1.602460E-01  1.633920E-01  7.657429E+00
     3.8500    1.542674E-01  1.542713E-01  7.846824E+00
     3.9000    1.418896E-01  1.442627E-01  8.035614E+00
     3.9500    1.245490E-01  1.334610E-01  8.221493E+00
     4.0000    1.042421E-01  1.220780E-01  8.401349E+00
     4.0500    8.314868E-02  1.105280E-01  8.573253E+00
     4.1000    6.347631E-02  9.909567E-02  8.729556E+00
     4.1500    4.698704E-02  8.841242E-02  8.864463E+00
     4.2000    3.455225E-02  7.922971E-02  8.973515E+00
     4.2500    2.600769E-02  7.223780E-02  9.056479E+00
     4.3000    2.022648E-02  6.808647E-02  9.123155E+00
     4.3500    1.529892E-02  6.680004E-02  9.193701E+00
     4.4000    9.177515E-03  6.773791E-02  9.288874E+00
     4.4500    4.526519E-04  7.005143E-02  9.418316E+00
     4.5000   -1.164134E-02  7.249107E-02  9.586066E+00
     4.5500   -2.631137E-02  7.414563E-02  9.787543E+00
     4.6000   -4.151568E-02  7.439353E-02  1.001682E+01
     4.6500   -5.466316E-02  7.308184E-02  1.026978E+01
     4.7000   -6.272010E-02  6.979454E-02  1.054144E+01
     4.7500   -6.367436E-02  6.456455E-02  1.082933E+01
     4.8000   -5.704116E-02  5.758114E-02  1.113263E+01
     4.8500   -4.409648E-02  4.912916E-02  1.145216E+01
     4.9000   -2.766520E-02  3.954328E-02  1.179151E+01
     4.9500   -1.151184E-02  2.932877E-02  1.216301E+01
     5.0000    7.567026E-04  1.911931E-02  1.260596E+01
     5.0500    6.526256E-03  9.844585E-03  1.329109E+01
     5.1000    5.129164E-03  6.696018E-03  1.483536E+01
     5.1500   -2.075736E-03  1.256128E-02  1.587397E+01
     5.2000   -1.215892E-02  1.902474E-02  1.640130E+01
     5.2500   -2.173399E-02  2.414330E-02  1.682821E+01
     5.3000   -2.732905E-02  2.738020E-02  1.721762E+01
     5.3500   -2.715701E-02  2.855734E-02  1.759322E+01
     5.4000   -2.138659E-02  2.765821E-02  1.796561E+01
     5.4500   -1.198395E-02  2.487007E-02  1.834678E+01
     5.5000   -2.157390E-03  2.032037E-02  1.874319E+01
     5.5500    4.742573E-03  1.435954E-02  1.918615E+01
     5.6000    6.350602E-03  7.681519E-03  1.982284E+01
     5.6500    2.005144E-03  4.524827E-03  2.153205E+01
     5.7000   -6.948384E-03  1.088384E-02  2.268358E+01
     5.7500   -1.761334E-02  1.882760E-02  2.320084E+01
     5.8000   -2.647501E-02  2.650455E-02  2.360916E+01
     5.8500   -3.037245E-02  3.333697E-02  2.398686E+01
     5.9000   -2.764823E-02  3.901439E-02  2.434513E+01
     5.9500   -1.853432E-02  4.327943E-02  2.469019E+01
     6.0000   -4.993365E-03  4.597004E-02  2.502390E+01
     6.0500    1.018311E-02  4.699858E-02  2.535114E+01
     6.1000    2.351336E-02  4.643460E-02  2.566372E+01
     6.1500    3.264208E-02  4.442468E-02  2.595807E+01
     6.2000    3.665891E-02  4.122678E-02  2.622834E+01
     6.2500    3.617183E-02  3.722177E-02  2.646546E+01
     6.3000    3.290179E-02  3.293817E-02  2.665654E+01
     6.3500    2.898390E-02  2.908492E-02  2.678691E+01
     6.4000    2.623644E-02  2.652532E-02  2.685126E+01
     6.4500    2.563632E-02  2.601532E-02  2.687444E+01
     6.5000    2.713467E-02  2.772069E-02  2.690952E+01
     6.5500    2.992173E-02  3.130545E-02  2.700197E+01
     6.6000    3.231003E-02  3.582796E-02  2.715039E+01
     6.6500    3.272343E-02  4.071724E-02  2.734089E+01
     6.7000    2.990584E-02  4.564316E-02  2.755987E+01
     6.7500    2.312250E-02  5.044337E-02  2.779816E+01
     6.8000    1.222293E-02  5.504724E-02  2.805042E+01
     6.8500   -2.355676E-03  5.941767E-02  2.831399E+01
     6.9000   -1.957948E-02  6.351081E-02  2.858772E+01
     6.9500   -3.780178E-02  6.725266E-02  2.887124E+01
     7.0000   -5.480916E-02  7.053210E-02  2.916435E+01
     7.0500   -6.816709E-02  7.322659E-02  2.947122E+01
     7.1000   -7.499434E-02  7.512483E-02  2.978618E+01
     7.1500   -7.346200E-02  7.608090E-02  3.010827E+01
     7.2000   -6.308896E-02  7.597830E-02  3.043618E+01
     7.2500   -4.509859E-02  7.474805E-02  3.076824E+01
     7.3000   -2.232491E-02  7.238231E-02  3.110238E+01
     7.3500    1.387276E-03  6.894304E-02  3.143605E+01
     7.4000    2.214656E-02  6.456621E-02  3.176604E+01
     7.4500    3.703653E-02  5.946291E-02  3.208831E+01
     7.5000    4.483370E-02  5.391876E-02  3.239774E+01
     7.5500    4.619340E-02  4.830182E-02  3.269017E+01
     7.6000    4.301417E-02  4.303343E-02  3.295681E+01
     7.6500    3.776053E-02  3.858022E-02  3.319323E+01
     7.7000    3.236652E-02  3.536734E-02  3.340163E+01
     7.7500    2.760221E-02  3.363547E-02  3.359501E+01
     7.8000    2.302773E-02  3.330513E-02  3.379407E+01
     7.8500    1.750939E-02  3.399077E-02  3.401637E+01
     7.9000    1.002511E-02  3.517535E-02  3.426851E+01
     7.9500    3.656843E-04  3.639017E-02  3.454747E+01
     8.0000   -1.059708E-02  3.730075E-02  3.484559E+01
     8.0500   -2.127702E-02  3.772904E-02  3.515667E+01
     8.1000   -2.973484E-02  3.761243E-02  3.546924E+01
     8.1500   -3.474680E-02  3.703159E-02  3.577520E+01
     8.2000   -3.611820E-02  3.618503E-02  3.606753E+01
     8.2500   -3.457512E-02  3.537556E-02  3.634145E+01
     8.3000   -3.120546E-02  3.497144E-02  3.659667E+01
     8.3500   -2.675757E-02  3.532150E-02  3.683957E+01
     8.4000   -2.118603E-02  3.663586E-02  3.708248E+01
     8.4500   -1.371509E-02  3.889826E-02  3.733878E+01
     8.5000   -3.425168E-03  4.187498E-02  3.761723E+01
     8.5500    1.002430E-02  4.517018E-02  3.792290E+01
     8.6000    2.536450E-02  4.840200E-02  3.825070E+01
     8.6500    4.002505E-02  5.120792E-02  3.859637E+01
     8.7000    5.067358E-02  5.328938E-02  3.895529E+01
     8.7500    5.434897E-02  5.442597E-02  3.932311E+01
     8.8000    4.961396E-02  5.448210E-02  3.969586E+01
     8.8500    3.721642E-02  5.341025E-02  4.006977E+01
     8.9000    1.994389E-02  5.125207E-02  4.044101E+01
     8.9500    1.703366E-03  4.813771E-02  4.080531E+01
     9.0000   -1.379992E-02  4.428394E-02  4.115761E+01
     9.0500   -2.427675E-02  3.999386E-02  4.149300E+01
     9.1000   -2.925483E-02  3.565694E-02  4.180291E+01
     9.1500   -3.000041E-02  3.171570E-02  4.208111E+01
     9.2000   -2.851352E-02  2.861625E-02  4.232674E+01
     9.2500   -2.642621E-02  2.668398E-02  4.255061E+01
     9.3000   -2.425746E-02  2.596293E-02  4.277598E+01
     9.3500   -2.135756E-02  2.616557E-02  4.302741E+01
     9.4000   -1.652780E-02  2.681783E-02  4.331826E+01
     9.4500   -8.969180E-03  2.746124E-02  4.364958E+01
     9.5000    9.428368E-04  2.776292E-02  4.401626E+01
     9.5500    1.150859E-02  2.754827E-02  4.441328E+01
     9.6000    2.010670E-02  2.671514E-02  4.483435E+01
     9.6500    2.431400E-02  2.528089E-02  4.527563E+01
     9.7000    2.294114E-02  2.332397E-02  4.573452E+01
     9.7500    1.660576E-02  2.095916E-02  4.620933E+01
     9.8000    7.550390E-03  1.831633E-02  4.669900E+01
     9.8500   -1.224542E-03  1.552270E-02  4.720286E+01
     9.9000   -7.130559E-03  1.268925E-02  4.772062E+01
     9.9500   -8.950255E-03  9.902018E-03  4.825265E+01
    10.0000   -7.178319E-03  7.219500E-03  4.880155E+01
    10.0500   -3.612253E-03  4.679004E-03  4.938348E+01
    10.1000   -4.639063E-04  2.320160E-03  5.006418E+01
    10.1500    6.533030E-04  6.554556E-04  5.191735E+01
    10.2000   -6.010206E-04  2.199617E-03  5.368383E+01
    10.2500   -3.270642E-03  4.040250E-03  5.435040E+01
    10.3000   -5.678562E-03  5.688647E-03  5.491832E+01
    10.3500   -6.292820E-03  7.079900E-03  5.545388E+01
    10.4000   -4.460188E-03  8.162884E-03  5.597061E+01
    10.4500   -6.761790E-04  8.893464E-03  5.647256E+01
    10.5000    3.701053E-03  9.240495E-03  5.696076E+01
    10.5500    7.118384E-03  9.192530E-03  5.743438E+01
    10.6000    8.534929E-03  8.763463E-03  5.789059E+01
    10.6500    7.831757E-03  7.997354E-03  5.832332E+01
    10.7000    5.751836E-03  6.974699E-03  5.872064E+01
    10.7500    3.434853E-03  5.826187E-03  5.905975E+01
    10.8000    1.803519E-03  4.765253E-03  5.930211E+01
    10.8500    1.115615E-03  4.126729E-03  5.941652E+01
    10.9000    8.986500E-04  4.235629E-03  5.947647E+01
    10.9500    2.854765E-04  5.039483E-03  5.963358E+01
    11.0000   -1.430754E-03  6.207754E-03  5.992283E+01
    11.0500   -4.326036E-03  7.519309E-03  6.030326E+01
    11.1000   -7.648787E-03  8.818406E-03  6.074015E+01
    11.1500   -1.004408E-02  1.005668E-02  6.121099E+01
    11.2000   -1.015066E-02  1.122455E-02  6.170205E+01
    11.2500   -7.242888E-03  1.232659E-02  6.220379E+01
    11.3000   -1.640619E-03  1.336487E-02  6.270879E+01
    11.3500    5.304448E-03  1.432845E-02  6.321108E+01
    11.4000    1.164938E-02  1.518942E-02  6.370591E+01
    11.4500    1.554582E-02  1.590538E-02  6.418962E+01
    11.5000    1.588832E-02  1.642674E-02  6.465939E+01
    11.5500    1.266655E-02  1.670668E-02  6.511294E+01
    11.6000    6.896543E-03  1.671159E-02  6.554805E+01
    11.6500    1.849645E-04  1.643100E-02  6.596219E+01
    11.7000   -5.873335E-03  1.588617E-02  6.635215E+01
    11.7500   -1.021212E-02  1.513703E-02  6.671393E+01
    11.8000   -1.253021E-02  1.428637E-02  6.704318E+01
    11.8500   -1.318813E-02  1.347696E-02  6.733684E+01
    11.9000   -1.285538E-02  1.287294E-02  6.759647E+01
    11.9500   -1.209679E-02  1.261557E-02  6.783202E+01
    12.0000   -1.109477E-02  1.276331E-02  6.806131E+01
    12.0500   -9.626772E-03  1.328660E-02  6.830466E+01
    12.1000   -7.255304E-03  1.400938E-02  6.857066E+01
    12.1500   -3.707179E-03  1.475151E-02  6.886101E+01
    12.2000    8.713210E-04  1.534692E-02  6.917184E+01
    12.2500    5.842126E-03  1.566717E-02  6.949716E+01
    12.3000    1.025208E-02  1.562919E-02  6.983049E+01
    12.3500    1.318356E-02  1.519690E-02  7.016523E+01
    12.4000    1.411835E-02  1.438169E-02  7.049417E+01
    12.4500    1.314411E-02  1.324393E-02  7.080869E+01
    12.5000    1.090246E-02  1.189709E-02  7.109765E+01
    12.5500    8.297127E-03  1.051462E-02  7.134728E+01
    12.6000    6.093577E-03  9.331774E-03  7.154510E+01
    12.6500    4.595862E-03  8.609710E-03  7.169354E+01
    12.7000    3.554046E-03  8.514534E-03  7.182604E+01
    12.7500    2.349707E-03  8.982393E-03  7.199196E+01
    12.8000    3.746288E-04  9.759858E-03  7.221824E+01
    12.8500   -2.578822E-03  1.056666E-02  7.250317E+01
    12.9000   -6.110640E-03  1.118956E-02  7.283433E+01
    12.9500   -9.304627E-03  1.149382E-02  7.319999E+01
    13.0000   -1.109445E-02  1.140947E-02  7.359189E+01
    13.0500   -1.077789E-02  1.095527E-02  7.400762E+01
    13.1000   -8.255013E-03  1.010408E-02  7.444204E+01
    13.1500   -4.294344E-03  8.907652E-03  7.489518E+01
    13.2000   -2.084525E-04  7.444061E-03  7.537022E+01
    13.2500    2.672940E-03  5.811691E-03  7.587613E+01
    13.3000    3.556484E-03  4.127210E-03  7.643687E+01
    13.3500    2.512435E-03  2.544897E-03  7.712891E+01
    13.4000    4.199224E-04  1.416553E-03  7.823885E+01
    13.4500   -1.451357E-03  1.554367E-03  7.974451E+01
    13.5000   -2.034489E-03  2.427667E-03  8.068772E+01
    13.5500   -9.603866E-04  3.256149E-03  8.138201E+01
    13.6000    1.275943E-03  3.893592E-03  8.201528E+01
    13.6500    3.555902E-03  4.346767E-03  8.263943E+01
    13.7000    4.671769E-03  4.672630E-03  8.327140E+01
    13.7500    3.904134E-03  4.946211E-03  8.391330E+01
    13.8000    1.371922E-03  5.232017E-03  8.455768E+01
    13.8500   -2.006340E-03  5.558285E-03  8.519230E+01
    13.9000   -4.916908E-03  5.907324E-03  8.580632E+01
    13.9500   -6.226884E-03  6.226884E-03  8.639409E+01
    14.0000   -5.462744E-03  6.452167E-03  8.695493E+01
    14.0500   -2.981150E-03  6.547694E-03  8.749189E+01
    14.1000    2.710385E-04  6.455581E-03  8.800659E+01
    14.1500    3.149123E-03  6.162233E-03  8.850098E+01
    14.2000    4.814572E-03  5.680952E-03  8.897584E+01
    14.2500    5.022962E-03  5.050737E-03  8.943047E+01
    14.3000    4.102501E-03  4.332486E-03  8.986268E+01
    14.3500    2.674257E-03  3.602580E-03  9.026966E+01
    14.4000    1.291922E-03  2.942756E-03  9.065168E+01
    14.4500    2.039870E-04  2.424326E-03  9.102195E+01
    14.5000   -6.450195E-04  2.090742E-03  9.141982E+01
    14.5500   -1.404602E-03  1.963541E-03  9.190330E+01
    14.6000   -2.055296E-03  2.089312E-03  9.249629E+01
    14.6500   -2.281238E-03  2.551912E-03  9.314173E+01
    14.7000   -1.587703E-03  3.395133E-03  9.376116E+01
    14.7500    3.761562E-04  4.585122E-03  9.432991E+01
    14.8000    3.465743E-03  6.042855E-03  9.485858E+01
    14.8500    6.881815E-03  7.668611E-03  9.536162E+01
    14.9000    9.345908E-03  9.350219E-03  9.584894E+01
    14.9500    9.583936E-03  1.096857E-02  9.632648E+01
    15.0000    6.918383E-03  1.240434E-02  9.679771E+01
    15.0500    1.663882E-03  1.358188E-02  9.726656E+01
    15.1000   -4.833395E-03  1.436614E-02  9.773251E+01
    15.1500   -1.060285E-02  1.468030E-02  9.819642E+01
    15.2000   -1.382350E-02  1.447567E-02  9.865885E+01
    15.2500   -1.356014E-02  1.373567E-02  9.912020E+01
    15.3000   -1.015036E-02  1.247747E-02  9.958083E+01
    15.3500   -5.058161E-03  1.075134E-02  1.000411E+02
    15.4000   -2.508233E-04  8.637574E-03  1.005019E+02
    15.4500    2.625528E-03  6.241267E-03  1.009652E+02
    15.5000    2.904456E-03  3.685736E-03  1.014386E+02
    15.5500    1.104477E-03  1.110023E-03  1.020018E+02
    15.6000   -1.393282E-03  1.396263E-03  9.902552E+01
    15.6500   -3.026059E-03  3.642651E-03  9.955055E+01
    15.7000   -2.762671E-03  5.559455E-03  1.000109E+02
    15.7500   -5.236636E-04  7.059517E-03  1.004567E+02
    15.8000    2.862879E-03  8.089620E-03  1.008927E+02
    15.8500    6.113698E-03  8.630989E-03  1.013181E+02
    15.9000    8.106448E-03  8.701456E-03  1.017298E+02
    15.9500    8.355154E-03  8.356891E-03  1.021221E+02
    16.0000    7.131848E-03  7.692940E-03  1.024861E+02
    16.0500    5.214247E-03  6.868279E-03  1.028105E+02
    16.1000    3.394455E-03  6.046645E-03  1.030765E+02
    16.1500    2.103790E-03  5.453918E-03  1.032765E+02
    16.2000    1.227106E-03  5.283024E-03  1.034381E+02
    16.2500    2.715106E-04  5.558551E-03  1.036237E+02
    16.3000   -1.244048E-03  6.116390E-03  1.038774E+02
    16.3500   -3.405882E-03  6.743602E-03  1.042020E+02
    16.4000   -5.748843E-03  7.280724E-03  1.045827E+02
    16.4500   -7.420940E-03  7.636405E-03  1.050052E+02
    16.5000   -7.591400E-03  7.773128E-03  1.054600E+02
    16.5500   -5.893279E-03  7.692500E-03  1.059414E+02
    16.6000   -2.670120E-03  7.423593E-03  1.064462E+02
    16.6500    1.106789E-03  7.012751E-03  1.069726E+02
    16.7000    4.219462E-03  6.513489E-03  1.075188E+02
    16.7500    5.704168E-03  5.976169E-03  1.080821E+02
    16.8000    5.237303E-03  5.438315E-03  1.086577E+02
    16.8500    3.231237E-03  4.917873E-03  1.092389E+02
    16.9000    6.084824E-04  4.412251E-03  1.098174E+02
    16.9500   -1.624758E-03  3.904333E-03  1.103849E+02
    17.0000   -2.797800E-03  3.373157E-03  1.109338E+02
    17.0500   -2.796113E-03  2.802760E-03  1.114577E+02
    17.1000   -2.012353E-03  2.200809E-03  1.119434E+02
    17.1500   -1.065168E-03  1.587602E-03  1.123619E+02
    17.2000   -4.619721E-04  1.017716E-03  1.126262E+02
    17.2500   -3.703276E-04  6.521029E-04  1.124934E+02
    17.3000   -6.008589E-04  7.497537E-04  1.121677E+02
    17.3500   -7.845064E-04  1.079561E-03  1.122838E+02
    17.4000   -6.273695E-04  1.366327E-03  1.126203E+02
    17.4500   -9.537572E-05  1.521656E-03  1.130346E+02
    17.5000    5.699320E-04  1.512330E-03  1.134837E+02
    17.5500    1.004687E-03  1.327638E-03  1.139557E+02
    17.6000    9.518918E-04  9.732728E-04  1.144581E+02
    17.6500    4.341082E-04  4.736587E-04  1.150797E+02
    17.7000   -2.294676E-04  2.301204E-04  1.177344E+02
    17.7500   -5.752378E-04  9.156285E-04  1.187012E+02
    17.8000   -2.393585E-04  1.676710E-03  1.192373E+02
    17.8500    8.326799E-04  2.439126E-03  1.197289E+02
    17.9000    2.320670E-03  3.156111E-03  1.202066E+02
    17.9500    3.645803E-03  3.786562E-03  1.206778E+02
    18.0000    4.215960E-03  4.296396E-03  1.211451E+02
    18.0500    3.688064E-03  4.681034E-03  1.216148E+02
    18.1000    2.097733E-03  4.911953E-03  1.220809E+02
    18.1500   -1.087236E-04  4.981925E-03  1.225439E+02
    18.2000   -2.269208E-03  4.893465E-03  1.230043E+02
    18.2500   -3.761988E-03  4.658111E-03  1.234622E+02
    18.3000   -4.229547E-03  4.295121E-03  1.239179E+02
    18.3500   -3.681721E-03  3.829735E-03  1.243718E+02
    18.4000   -2.449112E-03  3.291168E-03  1.248244E+02
    18.4500   -1.022855E-03  2.710518E-03  1.252768E+02
    18.5000    1.416293E-04  2.118770E-03  1.257306E+02
    18.5500    7.759893E-04  1.545089E-03  1.261899E+02
    18.6000    8.550186E-04  1.015607E-03  1.266645E+02
    18.6500    5.528430E-04  5.534180E-04  1.271889E+02
    18.7000    1.339255E-04  1.886258E-04  1.280158E+02
    18.7500   -1.681881E-04  1.681888E-04  1.303790E+02
    18.8000   -2.369927E-04  3.418684E-04  1.311809E+02
    18.8500   -9.833326E-05  4.287833E-04  1.317155E+02
    18.9000    1.146886E-04  4.182670E-04  1.322246E+02
    18.9500    2.362126E-04  3.162681E-04  1.327902E+02
    19.0000    1.502813E-04  1.549826E-04  1.337646E+02
    19.0500   -1.472748E-04  2.202376E-04  1.358210E+02
    19.1000   -5.421304E-04  5.424639E-04  1.366242E+02
    19.1500   -8.258216E-04  9.386826E-04  1.371547E+02
    19.2000   -7.797854E-04  1.376488E-03  1.376278E+02
    19.2500   -2.726908E-04  1.832679E-03  1.380807E+02
    19.3000    6.631862E-04  2.283504E-03  1.385247E+02
    19.3500    1.812156E-03  2.704391E-03  1.389644E+02
    19.4000    2.829471E-03  3.070914E-03  1.394017E+02
    19.4500    3.357923E-03  3.360177E-03  1.398375E+02
    19.5000    3.165263E-03  3.552357E-03  1.402721E+02
    19.5500    2.245776E-03  3.632228E-03  1.407051E+02
    19.6000    8.385145E-04  3.590520E-03  1.411360E+02
    19.6500   -6.526692E-04  3.424959E-03  1.415634E+02
    19.7000   -1.808940E-03  3.140897E-03  1.419854E+02
    19.7500   -2.354300E-03  2.751490E-03  1.423985E+02
    19.8000   -2.253125E-03  2.277531E-03  1.427959E+02
    19.8500   -1.704957E-03  1.747447E-03  1.431634E+02
    19.9000   -1.041049E-03  1.199747E-03  1.434627E+02
    19.9500   -5.727453E-04  7.019578E-04  1.435589E+02
    20.0000   -4.631114E-04  4.671338E-04  1.430738E+02
