 Formula: Fe2O3                                 Feff8L (EXAFS)       0.1
 SpaceGroup: R-3c
 POT  Non-SCF, core-hole, AFOLP (folp(0)= 1.150)
 Abs   Z=26 Rmt= 1.286 Rnm= 1.378 K  shell
 Pot 1 Z= 8 Rmt= 1.012 Rnm= 1.086
 Pot 2 Z=26 Rmt= 1.289 Rnm= 1.385
 Gam_ch=1.309E+00 H-L exch
 Mu=-1.025E+00 kf=2.246E+00 Vint=-2.024E+01 Rs_int= 1.615
 PATH  Rmax= 8.000,  Keep_limit= 0.00, Heap_limit 0.00  Pwcrit= 2.50%
 Path   11      icalc       2
 -----------------------------------------------------------------------
   3   6.000   3.4749    2.3017   -1.02520 nleg, deg, reff, rnrmav(bohr), edge
        x         y         z   pot at#
    -0.0000   -0.0000   -0.0000  0  26 Fe       absorbing atom
     1.5411   -0.0000   -1.4502  1   8 O
     0.7706    1.5740    0.8451  1   8 O
    k   real[2*phc]   mag[feff]  phase[feff] red factor   lambda     real[p]@#
 -0.000  3.1029E+00  1.0862E-05 -1.6288E+00  1.008E+00  2.6149E+01  2.2458E+00
  0.100  3.1025E+00  9.7372E-03 -2.3108E+00  1.008E+00  2.6173E+01  2.2480E+00
  0.200  3.1011E+00  1.9321E-02 -2.9647E+00  1.008E+00  2.6245E+01  2.2543E+00
  0.300  3.0987E+00  2.8608E-02 -3.5915E+00  1.009E+00  2.6356E+01  2.2649E+00
  0.400  3.0954E+00  3.7467E-02 -4.1913E+00  1.009E+00  2.6495E+01  2.2797E+00
  0.500  3.0911E+00  4.5790E-02 -4.7644E+00  1.009E+00  2.6647E+01  2.2985E+00
  0.600  3.0856E+00  5.3493E-02 -5.3115E+00  1.009E+00  2.6792E+01  2.3213E+00
  0.700  3.0790E+00  6.0519E-02 -5.8328E+00  1.010E+00  2.6907E+01  2.3480E+00
  0.800  3.0711E+00  6.6835E-02 -6.3288E+00  1.010E+00  2.6969E+01  2.3785E+00
  0.900  3.0619E+00  7.2431E-02 -6.8001E+00  1.011E+00  2.6954E+01  2.4126E+00
  1.000  3.0511E+00  7.7318E-02 -7.2472E+00  1.011E+00  2.6840E+01  2.4503E+00
  1.100  3.0388E+00  8.1520E-02 -7.6706E+00  1.012E+00  2.6611E+01  2.4914E+00
  1.200  3.0248E+00  8.5072E-02 -8.0709E+00  1.013E+00  2.6257E+01  2.5359E+00
  1.300  3.0089E+00  8.8018E-02 -8.4486E+00  1.015E+00  2.5776E+01  2.5836E+00
  1.400  2.9910E+00  9.0402E-02 -8.8040E+00  1.016E+00  2.5174E+01  2.6344E+00
  1.500  2.9710E+00  9.2266E-02 -9.1376E+00  1.018E+00  2.4465E+01  2.6883E+00
  1.600  2.9485E+00  9.3650E-02 -9.4498E+00  1.021E+00  2.3671E+01  2.7452E+00
  1.700  2.9236E+00  9.4586E-02 -9.7410E+00  1.023E+00  2.2816E+01  2.8051E+00
  1.800  2.8958E+00  9.5094E-02 -1.0011E+01  1.026E+00  2.1928E+01  2.8679E+00
  1.900  2.8651E+00  9.5187E-02 -1.0261E+01  1.030E+00  2.1035E+01  2.9336E+00
  2.000  2.8311E+00  9.4864E-02 -1.0491E+01  1.033E+00  2.0163E+01  3.0023E+00
  2.200  2.7521E+00  9.2897E-02 -1.0891E+01  1.041E+00  1.8577E+01  3.1487E+00
  2.400  2.6611E+00  8.8998E-02 -1.1211E+01  1.050E+00  1.7336E+01  3.3074E+00
  2.600  2.5170E+00  8.1433E-02 -1.1437E+01  1.029E+00  1.6562E+01  3.4911E+00
  2.800  2.3847E+00  9.0477E-02 -1.1734E+01  1.156E+00  8.7062E+00  3.6641E+00
  3.000  2.3482E+00  9.4391E-02 -1.2093E+01  1.206E+00  7.1451E+00  3.7989E+00
  3.200  2.3088E+00  9.3334E-02 -1.2428E+01  1.230E+00  6.4506E+00  3.9350E+00
  3.400  2.2508E+00  8.8082E-02 -1.2725E+01  1.240E+00  6.1058E+00  4.0801E+00
  3.600  2.1827E+00  8.0312E-02 -1.2998E+01  1.237E+00  5.9446E+00  4.2306E+00
  3.800  2.1079E+00  7.1103E-02 -1.3253E+01  1.232E+00  5.8922E+00  4.3860E+00
  4.000  2.0281E+00  6.1631E-02 -1.3493E+01  1.217E+00  5.9114E+00  4.5457E+00
  4.200  1.9442E+00  5.2535E-02 -1.3722E+01  1.204E+00  5.9817E+00  4.7093E+00
  4.400  1.8583E+00  4.3996E-02 -1.3940E+01  1.190E+00  6.0902E+00  4.8764E+00
  4.600  1.7712E+00  3.6457E-02 -1.4150E+01  1.174E+00  6.2289E+00  5.0466E+00
  4.800  1.6827E+00  2.9981E-02 -1.4348E+01  1.159E+00  6.3923E+00  5.2196E+00
  5.000  1.5941E+00  2.4549E-02 -1.4537E+01  1.146E+00  6.5764E+00  5.3951E+00
  5.200  1.5057E+00  2.0070E-02 -1.4714E+01  1.133E+00  6.7782E+00  5.5728E+00
  5.400  1.4172E+00  1.6438E-02 -1.4878E+01  1.120E+00  6.9956E+00  5.7525E+00
  5.600  1.3291E+00  1.3531E-02 -1.5030E+01  1.109E+00  7.2269E+00  5.9339E+00
  5.800  1.2411E+00  1.1238E-02 -1.5169E+01  1.098E+00  7.4707E+00  6.1169E+00
  6.000  1.1531E+00  9.4493E-03 -1.5298E+01  1.088E+00  7.7260E+00  6.3013E+00
  6.500  9.3443E-01  6.4822E-03 -1.5582E+01  1.064E+00  8.4092E+00  6.7676E+00
  7.000  7.1994E-01  4.6869E-03 -1.5852E+01  1.044E+00  9.1488E+00  7.2398E+00
  7.500  5.1406E-01  3.3959E-03 -1.6151E+01  1.027E+00  9.9381E+00  7.7168E+00
  8.000  3.1986E-01  2.4064E-03 -1.6489E+01  1.012E+00  1.0772E+01  8.1974E+00
  8.500  1.3553E-01  1.6842E-03 -1.6843E+01  9.988E-01  1.1648E+01  8.6809E+00
  9.000 -4.6633E-02  1.1869E-03 -1.7156E+01  9.842E-01  1.2563E+01  9.1668E+00
  9.500 -2.2555E-01  8.5712E-04 -1.7373E+01  9.723E-01  1.3515E+01  9.6545E+00
 10.000 -3.9967E-01  6.5054E-04 -1.7501E+01  9.624E-01  1.4501E+01  1.0144E+01
 11.000 -7.2553E-01  4.3495E-04 -1.7799E+01  9.488E-01  1.6574E+01  1.1126E+01
 12.000 -1.0226E+00  2.7883E-04 -1.8353E+01  9.417E-01  1.8773E+01  1.2112E+01
 13.000 -1.2995E+00  1.6606E-04 -1.8804E+01  9.372E-01  2.1090E+01  1.3101E+01
 14.000 -1.5539E+00  9.8041E-05 -1.8958E+01  9.347E-01  2.3521E+01  1.4091E+01
 15.000 -1.7886E+00  6.1446E-05 -1.9363E+01  9.341E-01  2.6059E+01  1.5084E+01
 16.000 -2.0080E+00  2.1322E-05 -2.0392E+01  9.339E-01  2.8702E+01  1.6077E+01
 17.000 -2.2109E+00  3.0831E-05 -1.7079E+01  9.344E-01  3.1444E+01  1.7071E+01
 18.000 -2.4005E+00  5.0162E-05 -1.7662E+01  9.351E-01  3.4284E+01  1.8066E+01
 19.000 -2.5780E+00  5.0904E-05 -1.7951E+01  9.358E-01  3.7218E+01  1.9062E+01
 20.000 -2.7439E+00  5.3187E-05 -1.8260E+01  9.364E-01  4.0243E+01  2.0058E+01
