 Formula: Fe2O3                                 Feff8L (EXAFS)       0.1
 SpaceGroup: R-3c
 POT  Non-SCF, core-hole, AFOLP (folp(0)= 1.150)
 Abs   Z=26 Rmt= 1.286 Rnm= 1.378 K  shell
 Pot 1 Z= 8 Rmt= 1.012 Rnm= 1.086
 Pot 2 Z=26 Rmt= 1.289 Rnm= 1.385
 Gam_ch=1.309E+00 H-L exch
 Mu=-1.025E+00 kf=2.246E+00 Vint=-2.024E+01 Rs_int= 1.615
 PATH  Rmax= 8.000,  Keep_limit= 0.00, Heap_limit 0.00  Pwcrit= 2.50%
 Path  191      icalc       2
 -----------------------------------------------------------------------
   3   6.000   7.2928    2.3017   -1.02520 nleg, deg, reff, rnrmav(bohr), edge
        x         y         z   pot at#
    -0.0000   -0.0000   -0.0000  0  26 Fe       absorbing atom
    -4.2674    4.4827   -3.7455  1   8 O
    -0.7706    1.3346   -1.4502  1   8 O
    k   real[2*phc]   mag[feff]  phase[feff] red factor   lambda     real[p]@#
 -0.000  3.1029E+00  3.8830E-05 -2.7756E+00  1.008E+00  2.6149E+01  2.2458E+00
  0.100  3.1025E+00  3.4840E-02 -4.2064E+00  1.008E+00  2.6173E+01  2.2480E+00
  0.200  3.1011E+00  6.9321E-02 -5.5772E+00  1.008E+00  2.6245E+01  2.2543E+00
  0.300  3.0987E+00  1.0310E-01 -6.8899E+00  1.009E+00  2.6356E+01  2.2649E+00
  0.400  3.0954E+00  1.3587E-01 -8.1453E+00  1.009E+00  2.6495E+01  2.2797E+00
  0.500  3.0911E+00  1.6735E-01 -9.3443E+00  1.009E+00  2.6647E+01  2.2985E+00
  0.600  3.0856E+00  1.9733E-01 -1.0488E+01  1.009E+00  2.6792E+01  2.3213E+00
  0.700  3.0790E+00  2.2564E-01 -1.1578E+01  1.010E+00  2.6907E+01  2.3480E+00
  0.800  3.0711E+00  2.5216E-01 -1.2616E+01  1.010E+00  2.6969E+01  2.3785E+00
  0.900  3.0619E+00  2.7684E-01 -1.3602E+01  1.011E+00  2.6954E+01  2.4126E+00
  1.000  3.0511E+00  2.9965E-01 -1.4540E+01  1.011E+00  2.6840E+01  2.4503E+00
  1.100  3.0388E+00  3.2062E-01 -1.5429E+01  1.012E+00  2.6611E+01  2.4914E+00
  1.200  3.0248E+00  3.3979E-01 -1.6271E+01  1.013E+00  2.6257E+01  2.5359E+00
  1.300  3.0089E+00  3.5725E-01 -1.7069E+01  1.015E+00  2.5776E+01  2.5836E+00
  1.400  2.9910E+00  3.7307E-01 -1.7821E+01  1.016E+00  2.5174E+01  2.6344E+00
  1.500  2.9710E+00  3.8735E-01 -1.8531E+01  1.018E+00  2.4465E+01  2.6883E+00
  1.600  2.9485E+00  4.0016E-01 -1.9198E+01  1.021E+00  2.3671E+01  2.7452E+00
  1.700  2.9236E+00  4.1158E-01 -1.9822E+01  1.023E+00  2.2816E+01  2.8051E+00
  1.800  2.8958E+00  4.2165E-01 -2.0405E+01  1.026E+00  2.1928E+01  2.8679E+00
  1.900  2.8651E+00  4.3039E-01 -2.0945E+01  1.030E+00  2.1035E+01  2.9336E+00
  2.000  2.8311E+00  4.3777E-01 -2.1443E+01  1.033E+00  2.0163E+01  3.0023E+00
  2.200  2.7521E+00  4.4811E-01 -2.2310E+01  1.041E+00  1.8577E+01  3.1487E+00
  2.400  2.6611E+00  4.5142E-01 -2.2996E+01  1.050E+00  1.7336E+01  3.3074E+00
  2.600  2.5170E+00  4.3917E-01 -2.3365E+01  1.029E+00  1.6562E+01  3.4911E+00
  2.800  2.3847E+00  4.7487E-01 -2.3904E+01  1.156E+00  8.7062E+00  3.6641E+00
  3.000  2.3482E+00  5.1368E-01 -2.4868E+01  1.206E+00  7.1451E+00  3.7989E+00
  3.200  2.3088E+00  5.4005E-01 -2.5783E+01  1.230E+00  6.4506E+00  3.9350E+00
  3.400  2.2508E+00  5.4844E-01 -2.6565E+01  1.240E+00  6.1058E+00  4.0801E+00
  3.600  2.1827E+00  5.4297E-01 -2.7263E+01  1.237E+00  5.9446E+00  4.2306E+00
  3.800  2.1079E+00  5.2566E-01 -2.7895E+01  1.232E+00  5.8922E+00  4.3860E+00
  4.000  2.0281E+00  5.0046E-01 -2.8470E+01  1.217E+00  5.9114E+00  4.5457E+00
  4.200  1.9442E+00  4.7054E-01 -2.8995E+01  1.204E+00  5.9817E+00  4.7093E+00
  4.400  1.8583E+00  4.3734E-01 -2.9478E+01  1.190E+00  6.0902E+00  4.8764E+00
  4.600  1.7712E+00  4.0399E-01 -2.9925E+01  1.174E+00  6.2289E+00  5.0466E+00
  4.800  1.6827E+00  3.7166E-01 -3.0337E+01  1.159E+00  6.3923E+00  5.2196E+00
  5.000  1.5941E+00  3.4121E-01 -3.0721E+01  1.146E+00  6.5764E+00  5.3951E+00
  5.200  1.5057E+00  3.1290E-01 -3.1078E+01  1.133E+00  6.7782E+00  5.5728E+00
  5.400  1.4172E+00  2.8679E-01 -3.1407E+01  1.120E+00  6.9956E+00  5.7525E+00
  5.600  1.3291E+00  2.6267E-01 -3.1714E+01  1.109E+00  7.2269E+00  5.9339E+00
  5.800  1.2411E+00  2.4059E-01 -3.2001E+01  1.098E+00  7.4707E+00  6.1169E+00
  6.000  1.1531E+00  2.2049E-01 -3.2268E+01  1.088E+00  7.7260E+00  6.3013E+00
  6.500  9.3443E-01  1.7759E-01 -3.2864E+01  1.064E+00  8.4092E+00  6.7676E+00
  7.000  7.1994E-01  1.4345E-01 -3.3383E+01  1.044E+00  9.1488E+00  7.2398E+00
  7.500  5.1406E-01  1.1721E-01 -3.3854E+01  1.027E+00  9.9381E+00  7.7168E+00
  8.000  3.1986E-01  9.7666E-02 -3.4289E+01  1.012E+00  1.0772E+01  8.1974E+00
  8.500  1.3553E-01  8.2767E-02 -3.4680E+01  9.988E-01  1.1648E+01  8.6809E+00
  9.000 -4.6633E-02  7.0407E-02 -3.5023E+01  9.842E-01  1.2563E+01  9.1668E+00
  9.500 -2.2555E-01  5.9538E-02 -3.5326E+01  9.723E-01  1.3515E+01  9.6545E+00
 10.000 -3.9967E-01  5.0189E-02 -3.5604E+01  9.624E-01  1.4501E+01  1.0144E+01
 11.000 -7.2553E-01  3.7098E-02 -3.6133E+01  9.488E-01  1.6574E+01  1.1126E+01
 12.000 -1.0226E+00  2.8769E-02 -3.6590E+01  9.417E-01  1.8773E+01  1.2112E+01
 13.000 -1.2995E+00  2.1690E-02 -3.6983E+01  9.372E-01  2.1090E+01  1.3101E+01
 14.000 -1.5539E+00  1.6571E-02 -3.7359E+01  9.347E-01  2.3521E+01  1.4091E+01
 15.000 -1.7886E+00  1.3043E-02 -3.7705E+01  9.341E-01  2.6059E+01  1.5084E+01
 16.000 -2.0080E+00  9.6033E-03 -3.8037E+01  9.339E-01  2.8702E+01  1.6077E+01
 17.000 -2.2109E+00  6.6675E-03 -3.8410E+01  9.344E-01  3.1444E+01  1.7071E+01
 18.000 -2.4005E+00  4.6580E-03 -3.8797E+01  9.351E-01  3.4284E+01  1.8066E+01
 19.000 -2.5780E+00  3.1890E-03 -3.9236E+01  9.358E-01  3.7218E+01  1.9062E+01
 20.000 -2.7439E+00  2.3466E-03 -3.9740E+01  9.364E-01  4.0243E+01  2.0058E+01
