 Formula: Fe2O3                                 Feff8L (EXAFS)       0.1
 SpaceGroup: R-3c
 POT  Non-SCF, core-hole, AFOLP (folp(0)= 1.150)
 Abs   Z=26 Rmt= 1.286 Rnm= 1.378 K  shell
 Pot 1 Z= 8 Rmt= 1.012 Rnm= 1.086
 Pot 2 Z=26 Rmt= 1.289 Rnm= 1.385
 Gam_ch=1.309E+00 H-L exch
 Mu=-1.025E+00 kf=2.246E+00 Vint=-2.024E+01 Rs_int= 1.615
 PATH  Rmax= 8.000,  Keep_limit= 0.00, Heap_limit 0.00  Pwcrit= 2.50%
 -----------------------------------------------------------------------
    file        sig2   amp ratio    deg    nlegs  r effective
 feff0001.dat 0.00000   100.000     3.000     2   1.9457
 feff0002.dat 0.00000    83.100     3.000     2   2.1162
 feff0003.dat 0.00000    14.620     1.000     2   2.9004
 feff0004.dat 0.00000    41.430     3.000     2   2.9710
 feff0005.dat 0.00000    30.780     3.000     2   3.3642
 feff0006.dat 0.00000    18.160     2.000     2   3.3985
 feff0007.dat 0.00000     9.082     1.000     2   3.3985
 feff0008.dat 0.00000     7.359     6.000     3   3.4184
 feff0009.dat 0.00000     7.687     6.000     3   3.4508
 feff0010.dat 0.00000     7.883     6.000     3   3.4634
 feff0011.dat 0.00000     6.659     6.000     3   3.4749
 feff0012.dat 0.00000     4.896     6.000     3   3.5164
 feff0013.dat 0.00000     4.818     6.000     3   3.5164
 feff0014.dat 0.00000     3.755     6.000     3   3.5663
 feff0015.dat 0.00000    23.640     3.000     2   3.5964
 feff0016.dat 0.00000    12.670     6.000     3   3.6277
 feff0017.dat 0.00000    48.660     6.000     2   3.7053
 feff0018.dat 0.00000    20.760     3.000     2   3.7857
 feff0019.dat 0.00000    10.440     6.000     3   3.8835
 feff0020.dat 0.00000    10.730     6.000     3   3.8835
 feff0021.dat 0.00000     5.479     3.000     4   3.8913
 feff0023.dat 0.00000     6.770     1.000     2   3.9856
 feff0024.dat 0.00000     3.840     4.000     3   4.0067
 feff0025.dat 0.00000    26.010     6.000     3   4.0374
 feff0026.dat 0.00000    18.090     6.000     4   4.0618
 feff0027.dat 0.00000     3.057     3.000     4   4.0618
 feff0028.dat 0.00000     2.941     3.000     4   4.0618
 feff0029.dat 0.00000    16.530     3.000     2   4.1352
 feff0030.dat 0.00000     9.700    12.000     3   4.2150
 feff0031.dat 0.00000     3.955     3.000     4   4.2323
 feff0032.dat 0.00000     5.029     6.000     3   4.2428
 feff0033.dat 0.00000     5.065     6.000     3   4.3096
 feff0034.dat 0.00000    14.090     3.000     2   4.3948
 feff0035.dat 0.00000     7.403    12.000     3   4.4686
 feff0036.dat 0.00000     3.153     6.000     3   4.4907
 feff0037.dat 0.00000     5.093     6.000     3   4.4906
 feff0038.dat 0.00000    18.120     6.000     3   4.5049
 feff0039.dat 0.00000     6.170     6.000     3   4.5132
 feff0040.dat 0.00000    12.850     3.000     2   4.5495
 feff0041.dat 0.00000     5.139     6.000     3   4.5696
 feff0042.dat 0.00000     7.547     3.000     4   4.6150
 feff0043.dat 0.00000    12.290     3.000     2   4.6263
 feff0044.dat 0.00000    18.770     6.000     3   4.6351
 feff0045.dat 0.00000    23.550     6.000     2   4.7006
 feff0046.dat 0.00000     8.251     3.000     4   4.7207
 feff0047.dat 0.00000     2.866     6.000     3   4.7409
 feff0048.dat 0.00000     4.200     6.000     3   4.7409
 feff0049.dat 0.00000     4.441     6.000     4   4.7855
 feff0050.dat 0.00000    10.940     6.000     3   4.8037
 feff0051.dat 0.00000     6.848     6.000     3   4.8086
 feff0052.dat 0.00000     8.861     6.000     3   4.8086
 feff0055.dat 0.00000    16.770    12.000     3   4.9261
 feff0057.dat 0.00000     3.783     6.000     3   4.9681
 feff0058.dat 0.00000     6.136     6.000     4   4.9811
 feff0059.dat 0.00000     3.868     3.000     4   4.9811
 feff0060.dat 0.00000    10.040     3.000     2   4.9864
 feff0061.dat 0.00000    21.100     6.000     3   4.9952
 feff0062.dat 0.00000    11.170     3.000     4   5.0040
 feff0063.dat 0.00000     3.361    12.000     3   5.0202
 feff0064.dat 0.00000     3.340     6.000     4   5.0341
 feff0065.dat 0.00000    22.190     6.000     2   5.0380
 feff0066.dat 0.00000     5.274     6.000     4   5.1516
 feff0067.dat 0.00000     5.104     4.000     3   5.1911
 feff0068.dat 0.00000     6.370     6.000     3   5.1911
 feff0069.dat 0.00000     5.312     6.000     3   5.1911
 feff0070.dat 0.00000     8.343     3.000     2   5.3350
 feff0072.dat 0.00000     5.390     6.000     3   5.4077
 feff0073.dat 0.00000     8.174     6.000     3   5.4077
 feff0074.dat 0.00000     3.823     6.000     3   5.4131
 feff0075.dat 0.00000    18.090     6.000     2   5.4346
 feff0078.dat 0.00000     4.736     6.000     3   5.4832
 feff0079.dat 0.00000     2.960    12.000     3   5.4900
 feff0080.dat 0.00000     7.564     3.000     2   5.5273
 feff0081.dat 0.00000     5.888     6.000     3   5.5440
 feff0082.dat 0.00000     6.318     6.000     3   5.5736
 feff0083.dat 0.00000     5.813     6.000     3   5.5736
 feff0084.dat 0.00000     4.746     6.000     3   5.5736
 feff0085.dat 0.00000     5.270     6.000     3   5.5891
 feff0086.dat 0.00000     8.229     6.000     3   5.5891
 feff0087.dat 0.00000     4.126     6.000     3   5.6468
 feff0088.dat 0.00000     7.114     3.000     2   5.6501
 feff0090.dat 0.00000     6.900     3.000     2   5.7121
 feff0092.dat 0.00000     5.592     6.000     3   5.7430
 feff0093.dat 0.00000     3.138     6.000     3   5.7577
 feff0095.dat 0.00000     4.717     6.000     3   5.7668
 feff0096.dat 0.00000     7.814     6.000     3   5.7668
 feff0097.dat 0.00000     4.260     6.000     4   5.7674
 feff0098.dat 0.00000     2.677     6.000     3   5.8003
 feff0099.dat 0.00000     3.183     6.000     4   5.8048
 feff0101.dat 0.00000    15.020     6.000     2   5.8132
 feff0103.dat 0.00000     3.834     6.000     3   5.8236
 feff0104.dat 0.00000     2.682     6.000     5   5.8292
 feff0105.dat 0.00000     7.385     3.000     2   5.8488
 feff0106.dat 0.00000    10.710     6.000     3   5.8575
 feff0107.dat 0.00000     9.414     6.000     3   5.8575
 feff0109.dat 0.00000     2.725     6.000     3   5.8759
 feff0110.dat 0.00000     6.323     3.000     2   5.8922
 feff0111.dat 0.00000     4.224     3.000     4   5.9018
 feff0112.dat 0.00000     3.583     3.000     4   5.9018
 feff0113.dat 0.00000     3.231     6.000     3   5.9069
 feff0114.dat 0.00000     5.275     6.000     3   5.9206
 feff0115.dat 0.00000     3.940     6.000     4   5.9451
 feff0116.dat 0.00000     7.024     3.000     2   5.9545
 feff0117.dat 0.00000     3.082     6.000     4   5.9753
 feff0118.dat 0.00000     3.290     6.000     5   5.9831
 feff0119.dat 0.00000     2.689     6.000     5   5.9831
 feff0120.dat 0.00000     3.226     6.000     3   6.0107
 feff0121.dat 0.00000     2.788     6.000     3   6.0209
 feff0122.dat 0.00000     6.692     3.000     2   6.0580
 feff0123.dat 0.00000     2.729     6.000     3   6.0672
 feff0124.dat 0.00000     5.794     3.000     2   6.0771
 feff0126.dat 0.00000     4.859     6.000     3   6.0990
 feff0127.dat 0.00000     4.310     6.000     3   6.1030
 feff0128.dat 0.00000     3.401     6.000     3   6.1030
 feff0129.dat 0.00000    11.280     6.000     2   6.1338
 feff0131.dat 0.00000     4.371     6.000     3   6.1992
 feff0132.dat 0.00000     3.384     6.000     3   6.1992
 feff0134.dat 0.00000     5.357     3.000     2   6.2466
 feff0136.dat 0.00000     3.632     6.000     3   6.2516
 feff0137.dat 0.00000    12.230     6.000     2   6.2538
 feff0138.dat 0.00000     4.853     6.000     3   6.2555
 feff0140.dat 0.00000     5.252     3.000     2   6.2899
 feff0141.dat 0.00000     3.715     6.000     3   6.2945
 feff0142.dat 0.00000     8.150     6.000     3   6.2945
 feff0143.dat 0.00000     7.996     6.000     3   6.2945
 feff0144.dat 0.00000    10.150    12.000     3   6.2944
 feff0146.dat 0.00000     2.998     6.000     3   6.3144
 feff0148.dat 0.00000     2.689     6.000     4   6.3351
 feff0149.dat 0.00000     3.065     3.000     4   6.3351
 feff0150.dat 0.00000     3.008     3.000     4   6.3351
 feff0151.dat 0.00000     6.090     6.000     3   6.3403
 feff0153.dat 0.00000     4.104     6.000     3   6.3682
 feff0155.dat 0.00000     3.682     6.000     3   6.3934
 feff0156.dat 0.00000    11.330     6.000     2   6.4239
 feff0157.dat 0.00000     2.885     6.000     3   6.4500
 feff0158.dat 0.00000     2.805     6.000     3   6.4496
 feff0160.dat 0.00000     3.123     6.000     4   6.4550
 feff0161.dat 0.00000     8.716     6.000     3   6.4596
 feff0162.dat 0.00000     7.352     6.000     3   6.4596
 feff0163.dat 0.00000     4.857     3.000     2   6.4634
 feff0164.dat 0.00000     7.698     6.000     3   6.4739
 feff0166.dat 0.00000     3.610     3.000     4   6.4952
 feff0167.dat 0.00000     5.497     6.000     4   6.4952
 feff0168.dat 0.00000     2.958     3.000     4   6.4952
 feff0170.dat 0.00000     3.948     6.000     3   6.5015
 feff0171.dat 0.00000     3.888     6.000     4   6.5452
 feff0172.dat 0.00000     3.165     6.000     5   6.5808
 feff0173.dat 0.00000     2.745     6.000     5   6.5808
 feff0174.dat 0.00000     3.597     6.000     3   6.5917
 feff0175.dat 0.00000     4.903     6.000     3   6.5994
 feff0177.dat 0.00000     5.166     6.000     3   6.6237
 feff0178.dat 0.00000     3.070    12.000     3   6.6440
 feff0179.dat 0.00000     4.788    12.000     3   6.6565
 feff0180.dat 0.00000     5.114     6.000     3   6.6654
 feff0181.dat 0.00000     4.308     3.000     2   6.7371
 feff0185.dat 0.00000     4.014     6.000     4   6.7510
 feff0186.dat 0.00000     4.214     3.000     2   6.7882
 feff0187.dat 0.00000     7.284     6.000     3   6.8097
 feff0188.dat 0.00000     3.268     3.000     4   6.8312
 feff0189.dat 0.00000     4.122     3.000     2   6.8399
 feff0190.dat 0.00000     4.193     6.000     3   6.8761
 feff0191.dat 0.00000     4.053     3.000     2   6.8795
 feff0192.dat 0.00000     4.410     6.000     4   6.8849
 feff0193.dat 0.00000     3.088     2.000     2   6.8860
 feff0194.dat 0.00000     3.564     2.000     3   6.8860
 feff0195.dat 0.00000     3.469     2.000     3   6.8860
 feff0196.dat 0.00000     6.063     6.000     3   6.8949
 feff0197.dat 0.00000     2.710     6.000     3   6.9118
 feff0198.dat 0.00000     5.595     6.000     3   6.9118
 feff0199.dat 0.00000     3.800     6.000     3   6.9118
 feff0200.dat 0.00000     3.011     6.000     4   6.9165
 feff0201.dat 0.00000     4.562     3.000     2   6.9218
 feff0202.dat 0.00000     3.950     3.000     2   6.9404
 feff0203.dat 0.00000     3.266     6.000     3   6.9456
 feff0204.dat 0.00000     5.908     6.000     3   6.9904
 feff0205.dat 0.00000     2.761     6.000     3   7.0354
 feff0206.dat 0.00000     7.582     6.000     2   7.0385
 feff0207.dat 0.00000     4.549    12.000     3   7.0535
 feff0208.dat 0.00000     2.733     6.000     3   7.0573
 feff0209.dat 0.00000     3.713     3.000     2   7.0884
 feff0210.dat 0.00000     5.037     6.000     3   7.1497
 feff0211.dat 0.00000     3.775     6.000     3   7.1798
 feff0212.dat 0.00000     3.464     6.000     3   7.1815
 feff0213.dat 0.00000     3.343     6.000     3   7.2094
 feff0214.dat 0.00000     3.497     3.000     2   7.2343
 feff0215.dat 0.00000     2.864     6.000     3   7.2379
 feff0216.dat 0.00000     3.485     3.000     2   7.2429
 feff0217.dat 0.00000     2.978     6.000     4   7.2671
 feff0218.dat 0.00000     4.893     6.000     3   7.2693
 feff0219.dat 0.00000     2.866     6.000     3   7.2820
 feff0220.dat 0.00000     4.769     6.000     3   7.2928
 feff0221.dat 0.00000     2.819     6.000     3   7.3377
 feff0222.dat 0.00000     3.289     3.000     2   7.3857
 feff0223.dat 0.00000     4.433     6.000     3   7.4080
 feff0224.dat 0.00000     7.457     6.000     2   7.4105
 feff0226.dat 0.00000    15.570    12.000     3   7.4105
 feff0227.dat 0.00000    10.290     6.000     4   7.4105
 feff0228.dat 0.00000     2.816     6.000     3   7.4114
 feff0229.dat 0.00000     3.241     3.000     2   7.4224
 feff0230.dat 0.00000     2.709     6.000     3   7.4450
 feff0231.dat 0.00000     3.169     3.000     2   7.4788
 feff0232.dat 0.00000     4.278     6.000     3   7.4866
 feff0233.dat 0.00000     3.041     6.000     3   7.4866
 feff0234.dat 0.00000     3.399     6.000     3   7.5164
 feff0235.dat 0.00000     3.028     6.000     4   7.5181
 feff0236.dat 0.00000     2.862     6.000     3   7.5270
 feff0238.dat 0.00000     3.656     6.000     3   7.5335
 feff0239.dat 0.00000     2.780     6.000     3   7.5342
 feff0240.dat 0.00000     3.066     3.000     2   7.5618
 feff0241.dat 0.00000     6.109     6.000     2   7.5717
 feff0242.dat 0.00000     3.766     6.000     3   7.5845
 feff0243.dat 0.00000     4.090     6.000     3   7.6222
 feff0244.dat 0.00000     6.521    12.000     3   7.6538
 feff0245.dat 0.00000     6.597     6.000     2   7.7194
 feff0246.dat 0.00000     2.846     3.000     2   7.7523
 feff0247.dat 0.00000     4.612     6.000     3   7.7556
 feff0248.dat 0.00000     3.534     6.000     3   7.7755
 feff0249.dat 0.00000     3.197     3.000     2   7.7998
 feff0250.dat 0.00000     2.742     3.000     2   7.8491
 feff0254.dat 0.00000     3.344    12.000     3   7.8723
 feff0255.dat 0.00000     6.200     6.000     2   7.8791
 feff0256.dat 0.00000     2.828    12.000     4   7.8794
 feff0259.dat 0.00000     3.364     6.000     3   7.9509
 feff0261.dat 0.00000     2.725     6.000     3   7.9520
