PATH  Rmax= 8.000,  Keep_limit= 0.00, Heap_limit 0.00  Pwcrit= 2.50%
 -----------------------------------------------------------------------
  pathindex     sig2   amp ratio    deg    nlegs  r effective
        1     0.00000   100.000     3.000     2   1.9457
        2     0.00000    83.100     3.000     2   2.1162
        3     0.00000    14.618     1.000     2   2.9004
        4     0.00000    41.435     3.000     2   2.9710
        5     0.00000    30.780     3.000     2   3.3642
        6     0.00000    18.163     2.000     2   3.3985
        7     0.00000     9.082     1.000     2   3.3985
        8     0.00000     7.359     6.000     3   3.4184
        9     0.00000     7.687     6.000     3   3.4508
       10     0.00000     7.883     6.000     3   3.4634
       11     0.00000     6.659     6.000     3   3.4749
       12     0.00000     4.896     6.000     3   3.5164
       13     0.00000     4.818     6.000     3   3.5164
       14     0.00000     3.755     6.000     3   3.5663
       15     0.00000    23.641     3.000     2   3.5964
       16     0.00000    12.665     6.000     3   3.6277
       17     0.00000    48.664     6.000     2   3.7053
       18     0.00000    20.755     3.000     2   3.7857
       19     0.00000    10.437     6.000     3   3.8835
       20     0.00000    10.729     6.000     3   3.8835
       21     0.00000     5.479     3.000     4   3.8913
       23     0.00000     6.770     1.000     2   3.9856
       24     0.00000     3.840     4.000     3   4.0067
       25     0.00000    26.010     6.000     3   4.0374
       26     0.00000    18.089     6.000     4   4.0618
       27     0.00000     3.057     3.000     4   4.0618
       28     0.00000     2.941     3.000     4   4.0618
       29     0.00000    16.525     3.000     2   4.1352
       30     0.00000     9.700    12.000     3   4.2150
       31     0.00000     3.955     3.000     4   4.2323
       32     0.00000     5.029     6.000     3   4.2428
       33     0.00000     5.065     6.000     3   4.3096
       34     0.00000    14.086     3.000     2   4.3948
       35     0.00000     7.403    12.000     3   4.4686
       36     0.00000     3.153     6.000     3   4.4907
       37     0.00000     5.093     6.000     3   4.4906
       38     0.00000    18.115     6.000     3   4.5049
       39     0.00000     6.170     6.000     3   4.5132
       40     0.00000    12.850     3.000     2   4.5495
       41     0.00000     5.139     6.000     3   4.5696
       42     0.00000     7.547     3.000     4   4.6150
       43     0.00000    12.289     3.000     2   4.6263
       44     0.00000    18.770     6.000     3   4.6351
       45     0.00000    23.551     6.000     2   4.7006
       46     0.00000     8.251     3.000     4   4.7207
       47     0.00000     2.866     6.000     3   4.7409
       48     0.00000     4.200     6.000     3   4.7409
       49     0.00000     4.441     6.000     4   4.7855
       50     0.00000    10.935     6.000     3   4.8037
       51     0.00000     6.848     6.000     3   4.8086
       52     0.00000     8.861     6.000     3   4.8086
       55     0.00000    16.771    12.000     3   4.9261
       57     0.00000     3.783     6.000     3   4.9681
       58     0.00000     6.136     6.000     4   4.9811
       59     0.00000     3.868     3.000     4   4.9811
       60     0.00000    10.040     3.000     2   4.9864
       61     0.00000    21.103     6.000     3   4.9952
       62     0.00000    11.172     3.000     4   5.0040
       63     0.00000     3.361    12.000     3   5.0202
       64     0.00000     3.340     6.000     4   5.0341
       65     0.00000    22.192     6.000     2   5.0380
       66     0.00000     5.274     6.000     4   5.1516
       67     0.00000     5.104     4.000     3   5.1911
       68     0.00000     6.370     6.000     3   5.1911
       69     0.00000     5.312     6.000     3   5.1911
       70     0.00000     8.343     3.000     2   5.3350
       72     0.00000     5.390     6.000     3   5.4077
       73     0.00000     8.174     6.000     3   5.4077
       74     0.00000     3.823     6.000     3   5.4131
       75     0.00000    18.087     6.000     2   5.4346
       78     0.00000     4.736     6.000     3   5.4832
       79     0.00000     2.960    12.000     3   5.4900
       80     0.00000     7.564     3.000     2   5.5273
       81     0.00000     5.888     6.000     3   5.5440
       82     0.00000     6.318     6.000     3   5.5736
       83     0.00000     5.813     6.000     3   5.5736
       84     0.00000     4.746     6.000     3   5.5736
       85     0.00000     5.270     6.000     3   5.5891
       86     0.00000     8.229     6.000     3   5.5891
       87     0.00000     4.126     6.000     3   5.6468
       88     0.00000     7.114     3.000     2   5.6501
       90     0.00000     6.900     3.000     2   5.7121
       92     0.00000     5.592     6.000     3   5.7430
       93     0.00000     3.138     6.000     3   5.7577
       95     0.00000     4.717     6.000     3   5.7668
       96     0.00000     7.814     6.000     3   5.7668
       97     0.00000     4.260     6.000     4   5.7674
       98     0.00000     2.677     6.000     3   5.8003
       99     0.00000     3.183     6.000     4   5.8048
      101     0.00000    15.022     6.000     2   5.8132
      103     0.00000     3.834     6.000     3   5.8236
      104     0.00000     2.682     6.000     5   5.8292
      105     0.00000     7.385     3.000     2   5.8488
      106     0.00000    10.707     6.000     3   5.8575
      107     0.00000     9.414     6.000     3   5.8575
      109     0.00000     2.725     6.000     3   5.8759
      110     0.00000     6.323     3.000     2   5.8922
      111     0.00000     4.224     3.000     4   5.9018
      112     0.00000     3.583     3.000     4   5.9018
      113     0.00000     3.231     6.000     3   5.9069
      114     0.00000     5.275     6.000     3   5.9206
      115     0.00000     3.940     6.000     4   5.9451
      116     0.00000     7.024     3.000     2   5.9545
      117     0.00000     3.082     6.000     4   5.9753
      118     0.00000     3.290     6.000     5   5.9831
      119     0.00000     2.689     6.000     5   5.9831
      120     0.00000     3.226     6.000     3   6.0107
      121     0.00000     2.788     6.000     3   6.0209
      122     0.00000     6.692     3.000     2   6.0580
      123     0.00000     2.729     6.000     3   6.0672
      124     0.00000     5.794     3.000     2   6.0771
      126     0.00000     4.859     6.000     3   6.0990
      127     0.00000     4.310     6.000     3   6.1030
      128     0.00000     3.401     6.000     3   6.1030
      129     0.00000    11.285     6.000     2   6.1338
      131     0.00000     4.371     6.000     3   6.1992
      132     0.00000     3.384     6.000     3   6.1992
      134     0.00000     5.357     3.000     2   6.2466
      136     0.00000     3.632     6.000     3   6.2516
      137     0.00000    12.230     6.000     2   6.2538
      138     0.00000     4.853     6.000     3   6.2555
      140     0.00000     5.252     3.000     2   6.2899
      141     0.00000     3.715     6.000     3   6.2945
      142     0.00000     8.150     6.000     3   6.2945
      143     0.00000     7.996     6.000     3   6.2945
      144     0.00000    10.149    12.000     3   6.2944
      146     0.00000     2.998     6.000     3   6.3144
      148     0.00000     2.689     6.000     4   6.3351
      149     0.00000     3.065     3.000     4   6.3351
      150     0.00000     3.008     3.000     4   6.3351
      151     0.00000     6.090     6.000     3   6.3403
      153     0.00000     4.104     6.000     3   6.3682
      155     0.00000     3.682     6.000     3   6.3934
      156     0.00000    11.328     6.000     2   6.4239
      157     0.00000     2.885     6.000     3   6.4500
      158     0.00000     2.805     6.000     3   6.4496
      160     0.00000     3.123     6.000     4   6.4550
      161     0.00000     8.716     6.000     3   6.4596
      162     0.00000     7.352     6.000     3   6.4596
      163     0.00000     4.857     3.000     2   6.4634
      164     0.00000     7.698     6.000     3   6.4739
      166     0.00000     3.610     3.000     4   6.4952
      167     0.00000     5.497     6.000     4   6.4952
      168     0.00000     2.958     3.000     4   6.4952
      170     0.00000     3.948     6.000     3   6.5015
      171     0.00000     3.888     6.000     4   6.5452
      172     0.00000     3.165     6.000     5   6.5808
      173     0.00000     2.745     6.000     5   6.5808
      174     0.00000     3.597     6.000     3   6.5917
      175     0.00000     4.903     6.000     3   6.5994
      177     0.00000     5.166     6.000     3   6.6237
      178     0.00000     3.070    12.000     3   6.6440
      179     0.00000     4.788    12.000     3   6.6565
      180     0.00000     5.114     6.000     3   6.6654
      181     0.00000     4.308     3.000     2   6.7371
      185     0.00000     4.014     6.000     4   6.7510
      186     0.00000     4.214     3.000     2   6.7882
      187     0.00000     7.284     6.000     3   6.8097
      188     0.00000     3.268     3.000     4   6.8312
      189     0.00000     4.122     3.000     2   6.8399
      190     0.00000     4.193     6.000     3   6.8761
      191     0.00000     4.053     3.000     2   6.8795
      192     0.00000     4.410     6.000     4   6.8849
      193     0.00000     3.088     2.000     2   6.8860
      194     0.00000     3.564     2.000     3   6.8860
      195     0.00000     3.469     2.000     3   6.8860
      196     0.00000     6.063     6.000     3   6.8949
      197     0.00000     2.710     6.000     3   6.9118
      198     0.00000     5.595     6.000     3   6.9118
      199     0.00000     3.800     6.000     3   6.9118
      200     0.00000     3.011     6.000     4   6.9165
      201     0.00000     4.562     3.000     2   6.9218
      202     0.00000     3.950     3.000     2   6.9404
      203     0.00000     3.266     6.000     3   6.9456
      204     0.00000     5.908     6.000     3   6.9904
      205     0.00000     2.761     6.000     3   7.0354
      206     0.00000     7.582     6.000     2   7.0385
      207     0.00000     4.549    12.000     3   7.0535
      208     0.00000     2.733     6.000     3   7.0573
      209     0.00000     3.713     3.000     2   7.0884
      210     0.00000     5.037     6.000     3   7.1497
      211     0.00000     3.775     6.000     3   7.1798
      212     0.00000     3.464     6.000     3   7.1815
      213     0.00000     3.343     6.000     3   7.2094
      214     0.00000     3.497     3.000     2   7.2343
      215     0.00000     2.864     6.000     3   7.2379
      216     0.00000     3.485     3.000     2   7.2429
      217     0.00000     2.978     6.000     4   7.2671
      218     0.00000     4.893     6.000     3   7.2693
      219     0.00000     2.866     6.000     3   7.2820
      220     0.00000     4.769     6.000     3   7.2928
      221     0.00000     2.819     6.000     3   7.3377
      222     0.00000     3.289     3.000     2   7.3857
      223     0.00000     4.433     6.000     3   7.4080
      224     0.00000     7.457     6.000     2   7.4105
      226     0.00000    15.566    12.000     3   7.4105
      227     0.00000    10.286     6.000     4   7.4105
      228     0.00000     2.816     6.000     3   7.4114
      229     0.00000     3.241     3.000     2   7.4224
      230     0.00000     2.709     6.000     3   7.4450
      231     0.00000     3.169     3.000     2   7.4788
      232     0.00000     4.278     6.000     3   7.4866
      233     0.00000     3.041     6.000     3   7.4866
      234     0.00000     3.399     6.000     3   7.5164
      235     0.00000     3.028     6.000     4   7.5181
      236     0.00000     2.862     6.000     3   7.5270
      238     0.00000     3.656     6.000     3   7.5335
      239     0.00000     2.780     6.000     3   7.5342
      240     0.00000     3.066     3.000     2   7.5618
      241     0.00000     6.109     6.000     2   7.5717
      242     0.00000     3.766     6.000     3   7.5845
      243     0.00000     4.090     6.000     3   7.6222
      244     0.00000     6.521    12.000     3   7.6538
      245     0.00000     6.597     6.000     2   7.7194
      246     0.00000     2.846     3.000     2   7.7523
      247     0.00000     4.612     6.000     3   7.7556
      248     0.00000     3.534     6.000     3   7.7755
      249     0.00000     3.197     3.000     2   7.7998
      250     0.00000     2.742     3.000     2   7.8491
      254     0.00000     3.344    12.000     3   7.8723
      255     0.00000     6.200     6.000     2   7.8791
      256     0.00000     2.828    12.000     4   7.8794
      259     0.00000     3.364     6.000     3   7.9509
      261     0.00000     2.725     6.000     3   7.9520
