# Formula: Fe2O3                               Feff8L (EXAFS)       0.1      
# SpaceGroup: R-3c
# POT  Non-SCF, core-hole, AFOLP (folp(0)= 1.150)
# Abs   Z=26 Rmt= 1.286 Rnm= 1.378 K  shell
# Pot 1 Z= 8 Rmt= 1.012 Rnm= 1.086
# Pot 2 Z=26 Rmt= 1.289 Rnm= 1.385
# Gam_ch=1.309E+00 H-L exch
# Mu=-1.025E+00 kf=2.246E+00 Vint=-2.024E+01 Rs_int= 1.615
# PATH  Rmax= 8.000,  Keep_limit= 0.00, Heap_limit 0.00  Pwcrit= 2.50%
#  S02=1.000                                        Global_sig2= 0.00000
#  Curved wave amplitude ratio filter   4.000%
#     file         sig2 tot  cw amp ratio   deg  nlegs   reff  inp sig2
#           1       0.00000    100.00      3.00     2   1.9457
#           2       0.00000     83.10      3.00     2   2.1162
#           3       0.00000     14.62      1.00     2   2.9004
#           4       0.00000     41.43      3.00     2   2.9710
#           5       0.00000     30.78      3.00     2   3.3642
#           6       0.00000     18.16      2.00     2   3.3985
#           7       0.00000      9.08      1.00     2   3.3985
#           8       0.00000      7.36      6.00     3   3.4184
#           9       0.00000      7.69      6.00     3   3.4508
#          10       0.00000      7.88      6.00     3   3.4634
#          11       0.00000      6.66      6.00     3   3.4749
#          12       0.00000      4.90      6.00     3   3.5164
#          13       0.00000      4.82      6.00     3   3.5164
#          15       0.00000     23.64      3.00     2   3.5964
#          16       0.00000     12.67      6.00     3   3.6277
#          17       0.00000     48.66      6.00     2   3.7053
#          18       0.00000     20.76      3.00     2   3.7857
#          19       0.00000     10.44      6.00     3   3.8835
#          20       0.00000     10.73      6.00     3   3.8835
#          21       0.00000      5.48      3.00     4   3.8913
#          23       0.00000      6.77      1.00     2   3.9856
#          25       0.00000     26.01      6.00     3   4.0374
#          26       0.00000     18.09      6.00     4   4.0618
#          29       0.00000     16.53      3.00     2   4.1352
#          30       0.00000      9.70     12.00     3   4.2150
#          32       0.00000      5.03      6.00     3   4.2428
#          33       0.00000      5.07      6.00     3   4.3096
#          34       0.00000     14.09      3.00     2   4.3948
#          35       0.00000      7.40     12.00     3   4.4686
#          37       0.00000      5.09      6.00     3   4.4906
#          38       0.00000     18.12      6.00     3   4.5049
#          39       0.00000      6.17      6.00     3   4.5132
#          40       0.00000     12.85      3.00     2   4.5495
#          41       0.00000      5.14      6.00     3   4.5696
#          42       0.00000      7.55      3.00     4   4.6150
#          43       0.00000     12.29      3.00     2   4.6263
#          44       0.00000     18.77      6.00     3   4.6351
#          45       0.00000     23.55      6.00     2   4.7006
#          46       0.00000      8.25      3.00     4   4.7207
#          48       0.00000      4.20      6.00     3   4.7409
#          49       0.00000      4.44      6.00     4   4.7855
#          50       0.00000     10.94      6.00     3   4.8037
#          51       0.00000      6.85      6.00     3   4.8086
#          52       0.00000      8.86      6.00     3   4.8086
#          55       0.00000     16.77     12.00     3   4.9261
#          58       0.00000      6.14      6.00     4   4.9811
#          60       0.00000     10.04      3.00     2   4.9864
#          61       0.00000     21.10      6.00     3   4.9952
#          62       0.00000     11.17      3.00     4   5.0040
#          65       0.00000     22.19      6.00     2   5.0380
#          66       0.00000      5.27      6.00     4   5.1516
#          67       0.00000      5.10      4.00     3   5.1911
#          68       0.00000      6.37      6.00     3   5.1911
#          69       0.00000      5.31      6.00     3   5.1911
#          70       0.00000      8.34      3.00     2   5.3350
#          72       0.00000      5.39      6.00     3   5.4077
#          73       0.00000      8.17      6.00     3   5.4077
#          75       0.00000     18.09      6.00     2   5.4346
#          78       0.00000      4.74      6.00     3   5.4832
#          80       0.00000      7.56      3.00     2   5.5273
#          81       0.00000      5.89      6.00     3   5.5440
#          82       0.00000      6.32      6.00     3   5.5736
#          83       0.00000      5.81      6.00     3   5.5736
#          84       0.00000      4.75      6.00     3   5.5736
#          85       0.00000      5.27      6.00     3   5.5891
#          86       0.00000      8.23      6.00     3   5.5891
#          87       0.00000      4.13      6.00     3   5.6468
#          88       0.00000      7.11      3.00     2   5.6501
#          90       0.00000      6.90      3.00     2   5.7121
#          92       0.00000      5.59      6.00     3   5.7430
#          95       0.00000      4.72      6.00     3   5.7668
#          96       0.00000      7.81      6.00     3   5.7668
#          97       0.00000      4.26      6.00     4   5.7674
#         101       0.00000     15.02      6.00     2   5.8132
#         105       0.00000      7.39      3.00     2   5.8488
#         106       0.00000     10.71      6.00     3   5.8575
#         107       0.00000      9.41      6.00     3   5.8575
#         110       0.00000      6.32      3.00     2   5.8922
#         111       0.00000      4.22      3.00     4   5.9018
#         114       0.00000      5.28      6.00     3   5.9206
#         116       0.00000      7.02      3.00     2   5.9545
#         122       0.00000      6.69      3.00     2   6.0580
#         124       0.00000      5.79      3.00     2   6.0771
#         126       0.00000      4.86      6.00     3   6.0990
#         127       0.00000      4.31      6.00     3   6.1030
#         129       0.00000     11.28      6.00     2   6.1338
#         131       0.00000      4.37      6.00     3   6.1992
#         134       0.00000      5.36      3.00     2   6.2466
#         137       0.00000     12.23      6.00     2   6.2538
#         138       0.00000      4.85      6.00     3   6.2555
#         140       0.00000      5.25      3.00     2   6.2899
#         142       0.00000      8.15      6.00     3   6.2945
#         143       0.00000      8.00      6.00     3   6.2945
#         144       0.00000     10.15     12.00     3   6.2944
#         151       0.00000      6.09      6.00     3   6.3403
#         153       0.00000      4.10      6.00     3   6.3682
#         156       0.00000     11.33      6.00     2   6.4239
#         161       0.00000      8.72      6.00     3   6.4596
#         162       0.00000      7.35      6.00     3   6.4596
#         163       0.00000      4.86      3.00     2   6.4634
#         164       0.00000      7.70      6.00     3   6.4739
#         167       0.00000      5.50      6.00     4   6.4952
#         175       0.00000      4.90      6.00     3   6.5994
#         177       0.00000      5.17      6.00     3   6.6237
#         179       0.00000      4.79     12.00     3   6.6565
#         180       0.00000      5.11      6.00     3   6.6654
#         181       0.00000      4.31      3.00     2   6.7371
#         185       0.00000      4.01      6.00     4   6.7510
#         186       0.00000      4.21      3.00     2   6.7882
#         187       0.00000      7.28      6.00     3   6.8097
#         189       0.00000      4.12      3.00     2   6.8399
#         190       0.00000      4.19      6.00     3   6.8761
#         191       0.00000      4.05      3.00     2   6.8795
#         192       0.00000      4.41      6.00     4   6.8849
#         196       0.00000      6.06      6.00     3   6.8949
#         198       0.00000      5.59      6.00     3   6.9118
#         201       0.00000      4.56      3.00     2   6.9218
#         204       0.00000      5.91      6.00     3   6.9904
#         206       0.00000      7.58      6.00     2   7.0385
#         207       0.00000      4.55     12.00     3   7.0535
#         210       0.00000      5.04      6.00     3   7.1497
#         218       0.00000      4.89      6.00     3   7.2693
#         220       0.00000      4.77      6.00     3   7.2928
#         223       0.00000      4.43      6.00     3   7.4080
#         224       0.00000      7.46      6.00     2   7.4105
#         226       0.00000     15.57     12.00     3   7.4105
#         227       0.00000     10.29      6.00     4   7.4105
#         232       0.00000      4.28      6.00     3   7.4866
#         241       0.00000      6.11      6.00     2   7.5717
#         243       0.00000      4.09      6.00     3   7.6222
#         244       0.00000      6.52     12.00     3   7.6538
#         245       0.00000      6.60      6.00     2   7.7194
#         247       0.00000      4.61      6.00     3   7.7556
#         255       0.00000      6.20      6.00     2   7.8791
#   134/ 224 paths used
#  xsedge+50, used to normalize mu           3.2027E-04
#  -----------------------------------------------------------------------
#  omega    e    k    mu    mu0     chi     @#
    7116.583     -1.025   0.000  7.00803E-01  4.60558E-01  2.65890E-01
    7116.592     -1.016   0.050  7.14845E-01  4.69029E-01  2.71953E-01
    7116.621     -0.987   0.100  7.28876E-01  4.77500E-01  2.78000E-01
    7116.669     -0.939   0.150  7.70375E-01  5.02409E-01  2.96017E-01
    7116.735     -0.873   0.200  8.11772E-01  5.27318E-01  3.13882E-01
    7116.821     -0.787   0.250  8.76168E-01  5.64562E-01  3.43217E-01
    7116.926     -0.682   0.300  9.40235E-01  6.01807E-01  3.72084E-01
    7117.050     -0.558   0.350  1.01670E+00  6.41499E-01  4.11498E-01
    7117.192     -0.416   0.400  1.09238E+00  6.81191E-01  4.49862E-01
    7117.354     -0.254   0.450  1.17042E+00  7.14501E-01  4.97291E-01
    7117.535     -0.073   0.500  1.24689E+00  7.47810E-01  5.42720E-01
    7117.735      0.127   0.550  1.32187E+00  7.72755E-01  5.95041E-01
    7117.954      0.346   0.600  1.39402E+00  7.97699E-01  6.43949E-01
    7118.193      0.585   0.650  1.46382E+00  8.16097E-01  6.96745E-01
    7118.450      0.842   0.700  1.52900E+00  8.34494E-01  7.44193E-01
    7118.726      1.118   0.750  1.59042E+00  8.48490E-01  7.91723E-01
    7119.021      1.413   0.800  1.64491E+00  8.62487E-01  8.31507E-01
    7119.336      1.728   0.850  1.69282E+00  8.73598E-01  8.66889E-01
    7119.669      2.061   0.900  1.73116E+00  8.84709E-01  8.91896E-01
    7120.021      2.413   0.950  1.75908E+00  8.93871E-01  9.07746E-01
    7120.393      2.785   1.000  1.77495E+00  9.03032E-01  9.10862E-01
    7120.783      3.175   1.050  1.77654E+00  9.10796E-01  9.00601E-01
    7121.193      3.585   1.100  1.76450E+00  9.18559E-01  8.76304E-01
    7121.622      4.013   1.150  1.73560E+00  9.25242E-01  8.36059E-01
    7122.069      4.461   1.200  1.69346E+00  9.31926E-01  7.82531E-01
    7122.536      4.928   1.250  1.63456E+00  9.37711E-01  7.13381E-01
    7123.022      5.414   1.300  1.56572E+00  9.43496E-01  6.34608E-01
    7123.527      5.918   1.350  1.48396E+00  9.48482E-01  5.44287E-01
    7124.050      6.442   1.400  1.39870E+00  9.53468E-01  4.51033E-01
    7124.593      6.985   1.450  1.30797E+00  9.57709E-01  3.53775E-01
    7125.155      7.547   1.500  1.22224E+00  9.61949E-01  2.62130E-01
    7125.736      8.128   1.550  1.14029E+00  9.65473E-01  1.75625E-01
    7126.336      8.728   1.600  1.07138E+00  9.68996E-01  1.02611E-01
    7126.956      9.347   1.650  1.01413E+00  9.71817E-01  4.23224E-02
    7127.594      9.986   1.700  9.74352E-01  9.74639E-01 -2.86403E-04
    7128.251     10.643   1.750  9.49478E-01  9.76769E-01 -2.72150E-02
    7128.927     11.319   1.800  9.40890E-01  9.78899E-01 -3.78558E-02
    7129.623     12.014   1.850  9.44484E-01  9.80344E-01 -3.56936E-02
    7130.337     12.729   1.900  9.58063E-01  9.81789E-01 -2.36016E-02
    7131.070     13.462   1.950  9.76757E-01  9.82526E-01 -5.73912E-03
    7131.823     14.215   2.000  9.97141E-01  9.83263E-01  1.38057E-02
    7132.594     14.986   2.050  1.01487E+00  9.83062E-01  3.16801E-02
    7133.385     15.777   2.100  1.02792E+00  9.82861E-01  4.49195E-02
    7134.195     16.586   2.150  1.03453E+00  9.82661E-01  5.17575E-02
    7135.023     17.415   2.200  1.03406E+00  9.82460E-01  5.15465E-02
    7135.871     18.263   2.250  1.02516E+00  9.80185E-01  4.50792E-02
    7136.738     19.130   2.300  1.01053E+00  9.77910E-01  3.28012E-02
    7137.623     20.015   2.350  9.91298E-01  9.75635E-01  1.58020E-02
    7138.528     20.920   2.400  9.68730E-01  9.73360E-01 -4.68654E-03
    7139.452     21.844   2.450  9.45878E-01  9.72908E-01 -2.74172E-02
    7140.395     22.787   2.500  9.22396E-01  9.72455E-01 -5.08833E-02
    7141.357     23.749   2.550  8.98961E-01  9.72003E-01 -7.43984E-02
    7142.338     24.730   2.600  8.75335E-01  9.71551E-01 -9.82077E-02
    7143.338     25.730   2.650  8.54173E-01  9.75946E-01 -1.23922E-01
    7144.358     26.750   2.700  8.30509E-01  9.80340E-01 -1.52022E-01
    7145.396     27.788   2.750  8.06040E-01  9.84735E-01 -1.80769E-01
    7146.453     28.845   2.800  7.83717E-01  9.89130E-01 -2.07182E-01
    7147.529     29.921   2.850  7.65102E-01  9.90798E-01 -2.27381E-01
    7148.625     31.017   2.900  7.52572E-01  9.92465E-01 -2.41411E-01
    7149.739     32.131   2.950  7.47568E-01  9.94133E-01 -2.47845E-01
    7150.873     33.265   3.000  7.50998E-01  9.95801E-01 -2.45796E-01
    7152.025     34.417   3.050  7.61043E-01  9.95896E-01 -2.35753E-01
    7153.197     35.589   3.100  7.79153E-01  9.95991E-01 -2.17623E-01
    7154.387     36.779   3.150  8.04416E-01  9.96086E-01 -1.92322E-01
    7155.597     37.989   3.200  8.35480E-01  9.96181E-01 -1.61213E-01
    7156.826     39.218   3.250  8.70449E-01  9.96150E-01 -1.26045E-01
    7158.074     40.466   3.300  9.08123E-01  9.96118E-01 -8.81967E-02
    7159.340     41.732   3.350  9.46782E-01  9.96087E-01 -4.93961E-02
    7160.626     43.018   3.400  9.84901E-01  9.96056E-01 -1.11704E-02
    7161.931     44.323   3.450  1.02124E+00  9.95579E-01  2.56906E-02
    7163.255     45.647   3.500  1.05477E+00  9.95102E-01  5.97086E-02
    7164.598     46.990   3.550  1.08453E+00  9.94625E-01  8.99368E-02
    7165.960     48.352   3.600  1.10967E+00  9.94148E-01  1.15525E-01
    7167.341     49.733   3.650  1.13031E+00  9.93808E-01  1.36493E-01
    7168.742     51.133   3.700  1.14482E+00  9.93469E-01  1.51312E-01
    7170.161     52.553   3.750  1.15253E+00  9.93130E-01  1.59337E-01
    7171.599     53.991   3.800  1.15312E+00  9.92790E-01  1.60246E-01
    7173.056     55.448   3.850  1.14675E+00  9.92346E-01  1.54267E-01
    7174.533     56.925   3.900  1.13397E+00  9.91901E-01  1.41890E-01
    7176.028     58.420   3.950  1.11621E+00  9.91457E-01  1.24549E-01
    7177.543     59.935   4.000  1.09547E+00  9.91012E-01  1.04242E-01
    7179.076     61.468   4.050  1.07421E+00  9.90851E-01  8.31487E-02
    7180.629     63.021   4.100  1.05435E+00  9.90690E-01  6.34763E-02
    7182.200     64.592   4.150  1.03767E+00  9.90529E-01  4.69870E-02
    7183.791     66.183   4.200  1.02505E+00  9.90368E-01  3.45522E-02
    7185.401     67.793   4.250  1.01653E+00  9.90408E-01  2.60077E-02
    7187.029     69.421   4.300  1.01077E+00  9.90448E-01  2.02265E-02
    7188.677     71.069   4.350  1.00587E+00  9.90489E-01  1.52989E-02
    7190.344     72.736   4.400  9.99759E-01  9.90529E-01  9.17752E-03
    7192.030     74.422   4.450  9.91118E-01  9.90663E-01  4.52652E-04
    7193.735     76.127   4.500  9.79078E-01  9.90797E-01 -1.16413E-02
    7195.459     77.851   4.550  9.64432E-01  9.90932E-01 -2.63114E-02
    7197.202     79.594   4.600  9.49233E-01  9.91066E-01 -4.15157E-02
    7198.964     81.356   4.650  9.36098E-01  9.91199E-01 -5.46632E-02
    7200.745     83.137   4.700  9.28086E-01  9.91333E-01 -6.27201E-02
    7202.546     84.938   4.750  9.27234E-01  9.91466E-01 -6.36744E-02
    7204.365     86.757   4.800  9.34037E-01  9.91600E-01 -5.70412E-02
    7206.203     88.595   4.850  9.47249E-01  9.91757E-01 -4.40965E-02
    7208.061     90.452   4.900  9.63986E-01  9.91915E-01 -2.76652E-02
    7209.937     92.329   4.950  9.80448E-01  9.92072E-01 -1.15118E-02
    7211.832     94.224   5.000  9.92994E-01  9.92230E-01  7.56703E-04
    7213.747     96.139   5.050  9.98919E-01  9.92329E-01  6.52626E-03
    7215.681     98.072   5.100  9.97606E-01  9.92427E-01  5.12916E-03
    7217.633    100.025   5.150  9.90431E-01  9.92526E-01 -2.07574E-03
    7219.605    101.997   5.200  9.80351E-01  9.92625E-01 -1.21589E-02
    7221.596    103.987   5.250  9.70457E-01  9.92390E-01 -2.17340E-02
    7223.605    105.997   5.300  9.64585E-01  9.92154E-01 -2.73290E-02
    7225.634    108.026   5.350  9.64533E-01  9.91918E-01 -2.71570E-02
    7227.682    110.074   5.400  9.70124E-01  9.91683E-01 -2.13866E-02
    7229.749    112.141   5.450  9.79200E-01  9.91272E-01 -1.19839E-02
    7231.835    114.227   5.500  9.88690E-01  9.90862E-01 -2.15739E-03
    7233.940    116.332   5.550  9.95224E-01  9.90452E-01  4.74257E-03
    7236.064    118.456   5.600  9.96427E-01  9.90042E-01  6.35060E-03
    7238.207    120.599   5.650  9.91427E-01  9.89413E-01  2.00514E-03
    7240.369    122.761   5.700  9.81811E-01  9.88784E-01 -6.94838E-03
    7242.550    124.942   5.750  9.70496E-01  9.88155E-01 -1.76133E-02
    7244.751    127.143   5.800  9.61009E-01  9.87526E-01 -2.64750E-02
    7246.970    129.362   5.850  9.56194E-01  9.86579E-01 -3.03725E-02
    7249.208    131.600   5.900  9.58005E-01  9.85632E-01 -2.76482E-02
    7251.466    133.858   5.950  9.66187E-01  9.84686E-01 -1.85343E-02
    7253.742    136.134   6.000  9.78761E-01  9.83739E-01 -4.99337E-03
    7256.038    138.430   6.050  9.92721E-01  9.82583E-01  1.01831E-02
    7258.352    140.744   6.100  1.00480E+00  9.81428E-01  2.35134E-02
    7260.686    143.078   6.150  1.01267E+00  9.80272E-01  3.26421E-02
    7263.039    145.431   6.200  1.01545E+00  9.79116E-01  3.66589E-02
    7265.410    147.802   6.250  1.01376E+00  9.77960E-01  3.61718E-02
    7267.801    150.193   6.300  1.00932E+00  9.76804E-01  3.29018E-02
    7270.211    152.603   6.350  1.00426E+00  9.75648E-01  2.89839E-02
    7272.640    155.032   6.400  1.00035E+00  9.74493E-01  2.62364E-02
    7275.088    157.480   6.450  9.98567E-01  9.73337E-01  2.56363E-02
    7277.555    159.947   6.500  9.98847E-01  9.72181E-01  2.71347E-02
    7280.041    162.433   6.550  1.00031E+00  9.70945E-01  2.99217E-02
    7282.546    164.938   6.600  1.00137E+00  9.69708E-01  3.23100E-02
    7285.070    167.462   6.650  1.00049E+00  9.68472E-01  3.27234E-02
    7287.613    170.005   6.700  9.96450E-01  9.67236E-01  2.99058E-02
    7290.175    172.567   6.750  9.88553E-01  9.66000E-01  2.31225E-02
    7292.756    175.148   6.800  9.76668E-01  9.64764E-01  1.22229E-02
    7295.357    177.749   6.850  9.61237E-01  9.63528E-01 -2.35568E-03
    7297.976    180.368   6.900  9.43280E-01  9.62291E-01 -1.95795E-02
    7300.615    183.006   6.950  9.24406E-01  9.61055E-01 -3.78018E-02
    7303.272    185.664   7.000  9.06761E-01  9.59819E-01 -5.48092E-02
    7305.949    188.340   7.050  8.92892E-01  9.58792E-01 -6.81671E-02
    7308.644    191.036   7.100  8.85362E-01  9.57765E-01 -7.49943E-02
    7311.359    193.751   7.150  8.85910E-01  9.56739E-01 -7.34620E-02
    7314.092    196.484   7.200  8.94966E-01  9.55712E-01 -6.30890E-02
    7316.845    199.237   7.250  9.11320E-01  9.54685E-01 -4.50986E-02
    7319.617    202.009   7.300  9.32220E-01  9.53658E-01 -2.23249E-02
    7322.408    204.800   7.350  9.53962E-01  9.52631E-01  1.38728E-03
    7325.217    207.609   7.400  9.72813E-01  9.51604E-01  2.21466E-02
    7328.046    210.438   7.450  9.85998E-01  9.50578E-01  3.70365E-02
    7330.894    213.286   7.500  9.92370E-01  9.49551E-01  4.48337E-02
    7333.761    216.153   7.550  9.92760E-01  9.48697E-01  4.61934E-02
    7336.647    219.039   7.600  9.88822E-01  9.47844E-01  4.30142E-02
    7339.553    221.944   7.650  9.82919E-01  9.46991E-01  3.77605E-02
    7342.477    224.869   7.700  9.76894E-01  9.46138E-01  3.23665E-02
    7345.420    227.812   7.750  9.71481E-01  9.45284E-01  2.76022E-02
    7348.382    230.774   7.800  9.66258E-01  9.44431E-01  2.30277E-02
    7351.363    233.755   7.850  9.60153E-01  9.43578E-01  1.75094E-02
    7354.364    236.756   7.900  9.52203E-01  9.42725E-01  1.00251E-02
    7357.383    239.775   7.950  9.42217E-01  9.41872E-01  3.65684E-04
    7360.422    242.814   8.000  9.31025E-01  9.41018E-01 -1.05971E-02
    7363.479    245.871   8.050  9.20145E-01  9.40188E-01 -2.12770E-02
    7366.556    248.948   8.100  9.11379E-01  9.39357E-01 -2.97348E-02
    7369.651    252.043   8.150  9.05869E-01  9.38527E-01 -3.47468E-02
    7372.766    255.158   8.200  9.03787E-01  9.37696E-01 -3.61182E-02
    7375.900    258.292   8.250  9.04442E-01  9.36866E-01 -3.45751E-02
    7379.053    261.444   8.300  9.06804E-01  9.36035E-01 -3.12055E-02
    7382.224    264.616   8.350  9.10168E-01  9.35205E-01 -2.67576E-02
    7385.415    267.807   8.400  9.14573E-01  9.34374E-01 -2.11860E-02
    7388.625    271.017   8.450  9.20740E-01  9.33544E-01 -1.37151E-02
    7391.854    274.246   8.500  9.29519E-01  9.32713E-01 -3.42517E-03
    7395.102    277.494   8.550  9.41002E-01  9.31665E-01  1.00243E-02
    7398.369    280.761   8.600  9.54216E-01  9.30617E-01  2.53645E-02
    7401.655    284.047   8.650  9.66765E-01  9.29569E-01  4.00251E-02
    7404.960    287.352   8.700  9.75559E-01  9.28521E-01  5.06736E-02
    7408.285    290.677   8.750  9.77864E-01  9.27473E-01  5.43490E-02
    7411.628    294.020   8.800  9.72373E-01  9.26425E-01  4.96140E-02
    7414.990    297.382   8.850  9.59804E-01  9.25377E-01  3.72164E-02
    7418.372    300.763   8.900  9.42757E-01  9.24329E-01  1.99439E-02
    7421.772    304.164   8.950  9.24853E-01  9.23281E-01  1.70337E-03
    7425.191    307.583   9.000  9.09511E-01  9.22233E-01 -1.37999E-02
    7428.630    311.022   9.050  8.98715E-01  9.21069E-01 -2.42767E-02
    7432.087    314.479   9.100  8.93000E-01  9.19905E-01 -2.92548E-02
    7435.564    317.956   9.150  8.91183E-01  9.18742E-01 -3.00004E-02
    7439.060    321.452   9.200  8.91415E-01  9.17578E-01 -2.85135E-02
    7442.574    324.966   9.250  8.92195E-01  9.16414E-01 -2.64262E-02
    7446.108    328.500   9.300  8.93046E-01  9.15251E-01 -2.42575E-02
    7449.661    332.053   9.350  8.94559E-01  9.14087E-01 -2.13576E-02
    7453.233    335.625   9.400  8.97830E-01  9.12923E-01 -1.65278E-02
    7456.824    339.216   9.450  9.03578E-01  9.11760E-01 -8.96918E-03
    7460.434    342.826   9.500  9.11455E-01  9.10596E-01  9.42837E-04
    7464.063    346.455   9.550  9.19887E-01  9.09414E-01  1.15086E-02
    7467.711    350.103   9.600  9.26509E-01  9.08233E-01  2.01067E-02
    7471.378    353.770   9.650  9.29125E-01  9.07051E-01  2.43140E-02
    7475.064    357.456   9.700  9.26673E-01  9.05869E-01  2.29411E-02
    7478.769    361.161   9.750  9.19728E-01  9.04688E-01  1.66058E-02
    7482.494    364.885   9.800  9.10337E-01  9.03506E-01  7.55039E-03
    7486.237    368.629   9.850  9.01218E-01  9.02324E-01 -1.22454E-03
    7489.999    372.391   9.900  8.94707E-01  9.01143E-01 -7.13056E-03
    7493.781    376.173   9.950  8.91892E-01  8.99961E-01 -8.95026E-03
    7497.581    379.973  10.000  8.92316E-01  8.98779E-01 -7.17832E-03
    7501.401    383.793  10.050  8.94418E-01  8.97666E-01 -3.61225E-03
    7505.239    387.631  10.100  8.96137E-01  8.96554E-01 -4.63906E-04
    7509.097    391.489  10.150  8.96027E-01  8.95441E-01  6.53303E-04
    7512.973    395.365  10.200  8.93789E-01  8.94328E-01 -6.01021E-04
    7516.869    399.261  10.250  8.90287E-01  8.93215E-01 -3.27064E-03
    7520.784    403.176  10.300  8.87024E-01  8.92102E-01 -5.67856E-03
    7524.718    407.110  10.350  8.85369E-01  8.90990E-01 -6.29282E-03
    7528.671    411.062  10.400  8.85898E-01  8.89877E-01 -4.46019E-03
    7532.642    415.034  10.450  8.88161E-01  8.88764E-01 -6.76179E-04
    7536.633    419.025  10.500  8.90945E-01  8.87651E-01  3.70105E-03
    7540.643    423.035  10.550  8.92867E-01  8.86538E-01  7.11838E-03
    7544.672    427.064  10.600  8.93005E-01  8.85426E-01  8.53493E-03
    7548.721    431.113  10.650  8.91259E-01  8.84313E-01  7.83176E-03
    7552.788    435.180  10.700  8.88296E-01  8.83200E-01  5.75184E-03
    7556.874    439.266  10.750  8.85127E-01  8.82087E-01  3.43485E-03
    7560.979    443.371  10.800  8.82568E-01  8.80974E-01  1.80352E-03
    7565.103    447.495  10.850  8.80846E-01  8.79862E-01  1.11562E-03
    7569.247    451.639  10.900  8.79541E-01  8.78749E-01  8.98650E-04
    7573.409    455.801  10.950  8.77887E-01  8.77636E-01  2.85476E-04
    7577.591    459.983  11.000  8.75264E-01  8.76523E-01 -1.43075E-03
    7581.791    464.183  11.050  8.71468E-01  8.75268E-01 -4.32604E-03
    7586.011    468.403  11.100  8.67303E-01  8.74013E-01 -7.64879E-03
    7590.249    472.641  11.150  8.63960E-01  8.72758E-01 -1.00441E-02
    7594.507    476.899  11.200  8.62624E-01  8.71503E-01 -1.01507E-02
    7598.784    481.176  11.250  8.63922E-01  8.70248E-01 -7.24289E-03
    7603.079    485.471  11.300  8.67562E-01  8.68993E-01 -1.64062E-03
    7607.394    489.786  11.350  8.72357E-01  8.67738E-01  5.30445E-03
    7611.728    494.120  11.400  8.76613E-01  8.66483E-01  1.16494E-02
    7616.081    498.473  11.450  8.78727E-01  8.65228E-01  1.55458E-02
    7620.453    502.845  11.500  8.77749E-01  8.63972E-01  1.58883E-02
    7624.844    507.236  11.550  8.73685E-01  8.62717E-01  1.26665E-02
    7629.254    511.646  11.600  8.67425E-01  8.61462E-01  6.89654E-03
    7633.683    516.075  11.650  8.60367E-01  8.60207E-01  1.84965E-04
    7638.131    520.523  11.700  8.53889E-01  8.58952E-01 -5.87333E-03
    7642.599    524.990  11.750  8.48907E-01  8.57697E-01 -1.02121E-02
    7647.085    529.477  11.800  8.45672E-01  8.56442E-01 -1.25302E-02
    7651.590    533.982  11.850  8.43868E-01  8.55187E-01 -1.31881E-02
    7656.114    538.506  11.900  8.42915E-01  8.53932E-01 -1.28554E-02
    7660.658    543.050  11.950  8.42325E-01  8.52677E-01 -1.20968E-02
    7665.220    547.612  12.000  8.41942E-01  8.51422E-01 -1.10948E-02
    7669.802    552.194  12.050  8.41830E-01  8.50043E-01 -9.62677E-03
    7674.402    556.794  12.100  8.42485E-01  8.48664E-01 -7.25530E-03
    7679.022    561.414  12.150  8.44133E-01  8.47285E-01 -3.70718E-03
    7683.661    566.053  12.200  8.46646E-01  8.45906E-01  8.71321E-04
    7688.318    570.710  12.250  8.49479E-01  8.44528E-01  5.84213E-03
    7692.995    575.387  12.300  8.51824E-01  8.43149E-01  1.02521E-02
    7697.691    580.083  12.350  8.52907E-01  8.41770E-01  1.31836E-02
    7702.406    584.798  12.400  8.52298E-01  8.40391E-01  1.41183E-02
    7707.140    589.532  12.450  8.50079E-01  8.39012E-01  1.31441E-02
    7711.893    594.285  12.500  8.46798E-01  8.37633E-01  1.09025E-02
    7716.665    599.057  12.550  8.43218E-01  8.36254E-01  8.29713E-03
    7721.456    603.848  12.600  8.39981E-01  8.34876E-01  6.09358E-03
    7726.266    608.658  12.650  8.37341E-01  8.33497E-01  4.59586E-03
    7731.095    613.487  12.700  8.35086E-01  8.32118E-01  3.55405E-03
    7735.943    618.335  12.750  8.32698E-01  8.30739E-01  2.34971E-03
    7740.810    623.202  12.800  8.29672E-01  8.29360E-01  3.74629E-04
    7745.697    628.089  12.850  8.25839E-01  8.27981E-01 -2.57882E-03
    7750.602    632.994  12.900  8.21533E-01  8.26602E-01 -6.11064E-03
    7755.526    637.918  12.950  8.17518E-01  8.25224E-01 -9.30463E-03
    7760.470    642.862  13.000  8.14672E-01  8.23845E-01 -1.10945E-02
    7765.432    647.824  13.050  8.13614E-01  8.22510E-01 -1.07779E-02
    7770.414    652.806  13.100  8.14373E-01  8.21176E-01 -8.25501E-03
    7775.415    657.806  13.150  8.16308E-01  8.19841E-01 -4.29434E-03
    7780.434    662.826  13.200  8.18335E-01  8.18507E-01 -2.08452E-04
    7785.473    667.865  13.250  8.19364E-01  8.17172E-01  2.67294E-03
    7790.531    672.923  13.300  8.18749E-01  8.15838E-01  3.55648E-03
    7795.607    677.999  13.350  8.16557E-01  8.14503E-01  2.51244E-03
    7800.703    683.095  13.400  8.13511E-01  8.13168E-01  4.19922E-04
    7805.818    688.210  13.450  8.10652E-01  8.11834E-01 -1.45136E-03
    7810.952    693.344  13.500  8.08845E-01  8.10499E-01 -2.03449E-03
    7816.105    698.497  13.550  8.08385E-01  8.09165E-01 -9.60387E-04
    7821.277    703.669  13.600  8.08865E-01  8.07830E-01  1.27594E-03
    7826.468    708.860  13.650  8.09374E-01  8.06496E-01  3.55590E-03
    7831.678    714.070  13.700  8.08936E-01  8.05161E-01  4.67177E-03
    7836.908    719.300  13.750  8.06976E-01  8.03827E-01  3.90413E-03
    7842.156    724.548  13.800  8.03597E-01  8.02492E-01  1.37192E-03
    7847.423    729.815  13.850  7.99545E-01  8.01158E-01 -2.00634E-03
    7852.710    735.101  13.900  7.95877E-01  7.99823E-01 -4.91691E-03
    7858.015    740.407  13.950  7.93499E-01  7.98489E-01 -6.22688E-03
    7863.339    745.731  14.000  7.92785E-01  7.97154E-01 -5.46274E-03
    7868.683    751.075  14.050  7.93335E-01  7.95715E-01 -2.98115E-03
    7874.045    756.437  14.100  7.94493E-01  7.94277E-01  2.71038E-04
    7879.427    761.819  14.150  7.95343E-01  7.92838E-01  3.14912E-03
    7884.828    767.220  14.200  7.95222E-01  7.91400E-01  4.81457E-03
    7890.247    772.639  14.250  7.93942E-01  7.89961E-01  5.02296E-03
    7895.686    778.078  14.300  7.91767E-01  7.88522E-01  4.10250E-03
    7901.144    783.536  14.350  7.89195E-01  7.87084E-01  2.67426E-03
    7906.621    789.013  14.400  7.86663E-01  7.85645E-01  1.29192E-03
    7912.117    794.509  14.450  7.84367E-01  7.84207E-01  2.03987E-04
    7917.632    800.024  14.500  7.82262E-01  7.82768E-01 -6.45020E-04
    7923.166    805.558  14.550  7.80229E-01  7.81329E-01 -1.40460E-03
    7928.719    811.111  14.600  7.78283E-01  7.79891E-01 -2.05530E-03
    7934.291    816.683  14.650  7.76671E-01  7.78452E-01 -2.28124E-03
    7939.882    822.274  14.700  7.75777E-01  7.77014E-01 -1.58770E-03
    7945.492    827.884  14.750  7.75867E-01  7.75575E-01  3.76156E-04
    7951.121    833.513  14.800  7.76826E-01  7.74136E-01  3.46574E-03
    7956.770    839.162  14.850  7.78029E-01  7.72698E-01  6.88182E-03
    7962.437    844.829  14.900  7.78485E-01  7.71259E-01  9.34591E-03
    7968.123    850.515  14.950  7.77217E-01  7.69821E-01  9.58394E-03
    7973.829    856.221  15.000  7.73711E-01  7.68382E-01  6.91838E-03
    7979.553    861.945  15.050  7.68199E-01  7.66920E-01  1.66388E-03
    7985.297    867.689  15.100  7.61749E-01  7.65458E-01 -4.83340E-03
    7991.060    873.451  15.150  7.55876E-01  7.63996E-01 -1.06028E-02
    7996.841    879.233  15.200  7.51969E-01  7.62534E-01 -1.38235E-02
    8002.642    885.034  15.250  7.50728E-01  7.61072E-01 -1.35601E-02
    8008.462    890.854  15.300  7.51882E-01  7.59610E-01 -1.01504E-02
    8014.300    896.692  15.350  7.54304E-01  7.58148E-01 -5.05816E-03
    8020.158    902.550  15.400  7.56496E-01  7.56686E-01 -2.50823E-04
    8026.035    908.427  15.450  7.57211E-01  7.55224E-01  2.62553E-03
    8031.931    914.323  15.500  7.55956E-01  7.53762E-01  2.90446E-03
    8037.846    920.238  15.550  7.53132E-01  7.52300E-01  1.10448E-03
    8043.780    926.172  15.600  7.49789E-01  7.50838E-01 -1.39328E-03
    8049.733    932.125  15.650  7.47103E-01  7.49376E-01 -3.02606E-03
    8055.705    938.097  15.700  7.45843E-01  7.47914E-01 -2.76267E-03
    8061.697    944.089  15.750  7.46060E-01  7.46452E-01 -5.23664E-04
    8067.707    950.099  15.800  7.47127E-01  7.44990E-01  2.86288E-03
    8073.736    956.128  15.850  7.48082E-01  7.43528E-01  6.11370E-03
    8079.784    962.176  15.900  7.48092E-01  7.42066E-01  8.10645E-03
    8085.852    968.244  15.950  7.46803E-01  7.40604E-01  8.35515E-03
    8091.938    974.330  16.000  7.44423E-01  7.39142E-01  7.13185E-03
    8098.044    980.436  16.050  7.41542E-01  7.37689E-01  5.21425E-03
    8104.168    986.560  16.100  7.38739E-01  7.36236E-01  3.39445E-03
    8110.312    992.704  16.150  7.36331E-01  7.34782E-01  2.10379E-03
    8116.475    998.867  16.200  7.34231E-01  7.33329E-01  1.22711E-03
    8122.656   1005.048  16.250  7.32075E-01  7.31876E-01  2.71511E-04
    8128.857   1011.249  16.300  7.29513E-01  7.30423E-01 -1.24405E-03
    8135.077   1017.469  16.350  7.26484E-01  7.28970E-01 -3.40588E-03
    8141.316   1023.708  16.400  7.23329E-01  7.27517E-01 -5.74884E-03
    8147.574   1029.966  16.450  7.20669E-01  7.26064E-01 -7.42094E-03
    8153.851   1036.242  16.500  7.19103E-01  7.24611E-01 -7.59140E-03
    8160.147   1042.538  16.550  7.18891E-01  7.23158E-01 -5.89328E-03
    8166.462   1048.853  16.600  7.19776E-01  7.21705E-01 -2.67012E-03
    8172.796   1055.188  16.650  7.21050E-01  7.20252E-01  1.10679E-03
    8179.149   1061.541  16.700  7.21836E-01  7.18799E-01  4.21946E-03
    8185.521   1067.913  16.750  7.21443E-01  7.17346E-01  5.70417E-03
    8191.912   1074.304  16.800  7.19646E-01  7.15893E-01  5.23730E-03
    8198.323   1080.714  16.850  7.16751E-01  7.14440E-01  3.23124E-03
    8204.752   1087.144  16.900  7.13421E-01  7.12987E-01  6.08482E-04
    8211.200   1093.592  16.950  7.10377E-01  7.11534E-01 -1.62476E-03
    8217.668   1100.060  17.000  7.08092E-01  7.10081E-01 -2.79780E-03
    8224.154   1106.546  17.050  7.06613E-01  7.08596E-01 -2.79611E-03
    8230.660   1113.052  17.100  7.05687E-01  7.07111E-01 -2.01235E-03
    8237.184   1119.576  17.150  7.04874E-01  7.05626E-01 -1.06517E-03
    8243.728   1126.120  17.200  7.03816E-01  7.04141E-01 -4.61972E-04
    8250.291   1132.683  17.250  7.02396E-01  7.02657E-01 -3.70328E-04
    8256.872   1139.264  17.300  7.00750E-01  7.01172E-01 -6.00859E-04
    8263.473   1145.865  17.350  6.99138E-01  6.99687E-01 -7.84506E-04
    8270.093   1152.485  17.400  6.97764E-01  6.98202E-01 -6.27369E-04
    8276.732   1159.124  17.450  6.96651E-01  6.96717E-01 -9.53757E-05
    8283.390   1165.782  17.500  6.95629E-01  6.95232E-01  5.69932E-04
    8290.067   1172.459  17.550  6.94445E-01  6.93747E-01  1.00469E-03
    8296.763   1179.155  17.600  6.92922E-01  6.92262E-01  9.51892E-04
    8303.478   1185.870  17.650  6.91078E-01  6.90778E-01  4.34108E-04
    8310.212   1192.604  17.700  6.89134E-01  6.89293E-01 -2.29468E-04
    8316.965   1199.357  17.750  6.87412E-01  6.87808E-01 -5.75238E-04
    8323.738   1206.130  17.800  6.86159E-01  6.86323E-01 -2.39358E-04
    8330.529   1212.921  17.850  6.85408E-01  6.84838E-01  8.32680E-04
    8337.339   1219.731  17.900  6.84939E-01  6.83353E-01  2.32067E-03
    8344.169   1226.561  17.950  6.84355E-01  6.81868E-01  3.64580E-03
    8351.017   1233.409  18.000  6.83252E-01  6.80383E-01  4.21596E-03
    8357.885   1240.277  18.050  6.81416E-01  6.78912E-01  3.68806E-03
    8364.771   1247.163  18.100  6.78863E-01  6.77441E-01  2.09773E-03
    8371.677   1254.069  18.150  6.75897E-01  6.75970E-01 -1.08724E-04
    8378.601   1260.993  18.200  6.72969E-01  6.74499E-01 -2.26921E-03
    8385.545   1267.937  18.250  6.70497E-01  6.73028E-01 -3.76199E-03
    8392.508   1274.900  18.300  6.68717E-01  6.71557E-01 -4.22955E-03
    8399.490   1281.882  18.350  6.67620E-01  6.70086E-01 -3.68172E-03
    8406.490   1288.882  18.400  6.66978E-01  6.68615E-01 -2.44911E-03
    8413.510   1295.902  18.450  6.66462E-01  6.67144E-01 -1.02285E-03
    8420.549   1302.941  18.500  6.65768E-01  6.65673E-01  1.41629E-04
    8427.607   1309.999  18.550  6.64718E-01  6.64202E-01  7.75989E-04
    8434.684   1317.076  18.600  6.63298E-01  6.62731E-01  8.55019E-04
    8441.780   1324.172  18.650  6.61626E-01  6.61260E-01  5.52843E-04
    8448.896   1331.287  18.700  6.59878E-01  6.59789E-01  1.33925E-04
    8456.030   1338.422  18.750  6.58208E-01  6.58318E-01 -1.68188E-04
    8463.183   1345.575  18.800  6.56692E-01  6.56847E-01 -2.36993E-04
    8470.355   1352.747  18.850  6.55312E-01  6.55376E-01 -9.83333E-05
    8477.547   1359.939  18.900  6.53980E-01  6.53905E-01  1.14689E-04
    8484.757   1367.149  18.950  6.52588E-01  6.52434E-01  2.36213E-04
    8491.986   1374.378  19.000  6.51061E-01  6.50963E-01  1.50281E-04
    8499.235   1381.627  19.050  6.49414E-01  6.49509E-01 -1.47275E-04
    8506.502   1388.894  19.100  6.47705E-01  6.48056E-01 -5.42130E-04
    8513.789   1396.181  19.150  6.46068E-01  6.46602E-01 -8.25822E-04
    8521.095   1403.487  19.200  6.44646E-01  6.45148E-01 -7.79785E-04
    8528.419   1410.811  19.250  6.43519E-01  6.43695E-01 -2.72691E-04
    8535.763   1418.155  19.300  6.42666E-01  6.42241E-01  6.63186E-04
    8543.126   1425.518  19.350  6.41947E-01  6.40787E-01  1.81216E-03
    8550.508   1432.900  19.400  6.41141E-01  6.39333E-01  2.82947E-03
    8557.909   1440.301  19.450  6.40019E-01  6.37880E-01  3.35792E-03
    8565.329   1447.721  19.500  6.38438E-01  6.36426E-01  3.16526E-03
    8572.768   1455.160  19.550  6.36397E-01  6.34972E-01  2.24578E-03
    8580.226   1462.618  19.600  6.34049E-01  6.33518E-01  8.38515E-04
    8587.703   1470.095  19.650  6.31653E-01  6.32065E-01 -6.52669E-04
    8595.199   1477.591  19.700  6.29472E-01  6.30611E-01 -1.80894E-03
    8602.714   1485.106  19.750  6.27678E-01  6.29157E-01 -2.35430E-03
    8610.248   1492.640  19.800  6.26291E-01  6.27704E-01 -2.25312E-03
    8617.802   1500.194  19.850  6.25183E-01  6.26250E-01 -1.70496E-03
    8625.374   1507.766  19.900  6.24147E-01  6.24796E-01 -1.04105E-03
    8632.965   1515.357  19.950  6.22986E-01  6.23342E-01 -5.72745E-04
    8640.576   1522.968  20.000  6.21601E-01  6.21889E-01 -4.63111E-04
